         0   -1.5708         0   -1.5708         0         0
   -0.0075   -1.5800   -0.0370   -1.5678   -0.0088    0.0444
   -0.0150   -1.5891   -0.0740   -1.5648   -0.0176    0.0888
   -0.0224   -1.5983   -0.1111   -1.5618   -0.0264    0.1332
   -0.0298   -1.6075   -0.1481   -1.5588   -0.0353    0.1777
   -0.0373   -1.6167   -0.1852   -1.5558   -0.0442    0.2221
   -0.0447   -1.6259   -0.2223   -1.5528   -0.0531    0.2666
   -0.0521   -1.6351   -0.2594   -1.5498   -0.0620    0.3111
   -0.0596   -1.6443   -0.2965   -1.5468   -0.0709    0.3555
   -0.0670   -1.6534   -0.3335   -1.5437   -0.0797    0.4000
   -0.0744   -1.6626   -0.3706   -1.5407   -0.0886    0.4444
   -0.0819   -1.6718   -0.4077   -1.5377   -0.0975    0.4889
   -0.0893   -1.6810   -0.4447   -1.5347   -0.1063    0.5333
   -0.0968   -1.6902   -0.4817   -1.5317   -0.1151    0.5777
   -0.1043   -1.6993   -0.5187   -1.5288   -0.1238    0.6221
   -0.1118   -1.7085   -0.5557   -1.5258   -0.1326    0.6665
   -0.1193   -1.7177   -0.5926   -1.5228   -0.1413    0.7108
   -0.1268   -1.7268   -0.6296   -1.5198   -0.1501    0.7552
   -0.1343   -1.7360   -0.6667   -1.5168   -0.1590    0.7997
   -0.1417   -1.7452   -0.7038   -1.5138   -0.1679    0.8442
   -0.1490   -1.7544   -0.7410   -1.5107   -0.1770    0.8887
   -0.1562   -1.7637   -0.7784   -1.5076   -0.1862    0.9334
   -0.1634   -1.7729   -0.8157   -1.5045   -0.1954    0.9781
   -0.1707   -1.7821   -0.8531   -1.5014   -0.2046    1.0228
   -0.1780   -1.7913   -0.8903   -1.4984   -0.2136    1.0673
   -0.1855   -1.8005   -0.9273   -1.4954   -0.2224    1.1117
   -0.1932   -1.8096   -0.9639   -1.4925   -0.2308    1.1558
   -0.2013   -1.8186   -1.0002   -1.4898   -0.2387    1.1996
   -0.2095   -1.8276   -1.0361   -1.4871   -0.2462    1.2431
   -0.2179   -1.8365   -1.0720   -1.4845   -0.2536    1.2866
   -0.2260   -1.8455   -1.1081   -1.4818   -0.2614    1.3303
   -0.2337   -1.8547   -1.1448   -1.4789   -0.2699    1.3744
   -0.2407   -1.8640   -1.1825   -1.4757   -0.2794    1.4194
   -0.2468   -1.8735   -1.2214   -1.4721   -0.2905    1.4653
   -0.2517   -1.8834   -1.2619   -1.4680   -0.3034    1.5126
   -0.2559   -1.8934   -1.3034   -1.4636   -0.3175    1.5607
   -0.2601   -1.9035   -1.3448   -1.4591   -0.3315    1.6088
   -0.2653   -1.9133   -1.3850   -1.4551   -0.3440    1.6558
   -0.2723   -1.9226   -1.4227   -1.4519   -0.3537    1.7007
   -0.2819   -1.9312   -1.4567   -1.4499   -0.3590    1.7427
   -0.2951   -1.9388   -1.4859   -1.4494   -0.3585    1.7807
   -0.3126   -1.9453   -1.5092   -1.4509   -0.3512    1.8138
   -0.3344   -1.9506   -1.5268   -1.4542   -0.3369    1.8422
   -0.3597   -1.9549   -1.5394   -1.4591   -0.3170    1.8665
   -0.3879   -1.9585   -1.5481   -1.4653   -0.2923    1.8876
   -0.4184   -1.9615   -1.5537   -1.4725   -0.2640    1.9062
   -0.4504   -1.9640   -1.5572   -1.4804   -0.2332    1.9230
   -0.4833   -1.9663   -1.5594   -1.4887   -0.2009    1.9389
   -0.5165   -1.9685   -1.5614   -1.4971   -0.1682    1.9544
   -0.5493   -1.9708   -1.5640   -1.5053   -0.1363    1.9705
   -0.5810   -1.9734   -1.5680   -1.5130   -0.1060    1.9877
   -0.6116   -1.9764   -1.5735   -1.5202   -0.0775    2.0062
   -0.6413   -1.9795   -1.5803   -1.5270   -0.0505    2.0257
   -0.6702   -1.9829   -1.5882   -1.5335   -0.0247    2.0461
   -0.6985   -1.9864   -1.5968   -1.5397    0.0001    2.0672
   -0.7264   -1.9901   -1.6059   -1.5458    0.0242    2.0887
   -0.7540   -1.9938   -1.6154   -1.5517    0.0480    2.1104
   -0.7816   -1.9975   -1.6248   -1.5577    0.0716    2.1321
   -0.8093   -2.0013   -1.6340   -1.5637    0.0955    2.1537
   -0.8373   -2.0049   -1.6428   -1.5699    0.1198    2.1749
   -0.8655   -2.0085   -1.6511   -1.5762    0.1446    2.1958
   -0.8940   -2.0120   -1.6591   -1.5826    0.1697    2.2164
   -0.9227   -2.0155   -1.6668   -1.5891    0.1952    2.2368
   -0.9516   -2.0189   -1.6744   -1.5957    0.2210    2.2570
   -0.9807   -2.0222   -1.6820   -1.6023    0.2470    2.2772
   -1.0098   -2.0255   -1.6896   -1.6088    0.2731    2.2974
   -1.0391   -2.0288   -1.6973   -1.6153    0.2994    2.3177
   -1.0684   -2.0320   -1.7053   -1.6217    0.3256    2.3380
   -1.0977   -2.0351   -1.7137   -1.6280    0.3518    2.3586
   -1.1270   -2.0383   -1.7222   -1.6343    0.3780    2.3793
   -1.1562   -2.0415   -1.7309   -1.6405    0.4040    2.4001
   -1.1853   -2.0448   -1.7394   -1.6467    0.4299    2.4209
   -1.2143   -2.0481   -1.7478   -1.6530    0.4556    2.4416
   -1.2430   -2.0515   -1.7558   -1.6594    0.4811    2.4621
   -1.2715   -2.0551   -1.7634   -1.6660    0.5063    2.4825
   -1.2996   -2.0588   -1.7703   -1.6728    0.5313    2.5025
   -1.3275   -2.0627   -1.7764   -1.6798    0.5559    2.5222
   -1.3549   -2.0668   -1.7818   -1.6871    0.5802    2.5415
   -1.3822   -2.0709   -1.7868   -1.6945    0.6044    2.5606
   -1.4096   -2.0751   -1.7918   -1.7020    0.6286    2.5797
   -1.4373   -2.0791   -1.7974   -1.7092    0.6531    2.5990
   -1.4654   -2.0829   -1.8039   -1.7161    0.6781    2.6189
   -1.4943   -2.0862   -1.8119   -1.7225    0.7037    2.6394
   -1.5241   -2.0891   -1.8218   -1.7283    0.7303    2.6607
   -1.5550   -2.0914   -1.8341   -1.7333    0.7580    2.6833
   -1.5874   -2.0930   -1.8492   -1.7374    0.7869    2.7071
   -1.6211   -2.0938   -1.8670   -1.7405    0.8172    2.7323
   -1.6555   -2.0943   -1.8865   -1.7431    0.8482    2.7582
   -1.6899   -2.0947   -1.9059   -1.7456    0.8792    2.7841
   -1.7237   -2.0955   -1.9239   -1.7487    0.9095    2.8093
   -1.7560   -2.0971   -1.9391   -1.7527    0.9384    2.8332
   -1.7862   -2.0997   -1.9499   -1.7582    0.9654    2.8551
   -1.8135   -2.1039   -1.9549   -1.7656    0.9896    2.8741
   -1.8373   -2.1099   -1.9526   -1.7755    1.0104    2.8898
   -1.8569   -2.1182   -1.9415   -1.7883    1.0271    2.9013
   -1.8714   -2.1291   -1.9203   -1.8046    1.0391    2.9080
   -1.8816   -2.1422   -1.8903   -1.8237    1.0470    2.9106
   -1.8911   -2.1557   -1.8592   -1.8432    1.0544    2.9130
   -1.9011   -2.1687   -1.8295   -1.8622    1.0623    2.9164
   -1.9108   -2.1819   -1.7994   -1.8813    1.0701    2.9199
   -1.9202   -2.1951   -1.7691   -1.9005    1.0776    2.9236
   -1.9295   -2.2083   -1.7389   -1.9196    1.0851    2.9277
   -1.9386   -2.2215   -1.7085   -1.9388    1.0925    2.9320
   -1.9475   -2.2347   -1.6781   -1.9579    1.0997    2.9365
   -1.9564   -2.2479   -1.6475   -1.9770    1.1068    2.9414
   -1.9651   -2.2611   -1.6170   -1.9962    1.1138    2.9465
   -1.9737   -2.2743   -1.5863   -2.0153    1.1207    2.9519
   -1.9822   -2.2874   -1.5556   -2.0344    1.1275    2.9576
   -1.9906   -2.3006   -1.5248   -2.0535    1.1341    2.9635
   -1.9989   -2.3137   -1.4939   -2.0726    1.1406    2.9698
   -2.0072   -2.3267   -1.4630   -2.0917    1.1470    2.9763
   -2.0154   -2.3398   -1.4320   -2.1107    1.1532    2.9832
   -2.0235   -2.3528   -1.4010   -2.1298    1.1593    2.9903
   -2.0317   -2.3658   -1.3699   -2.1488    1.1653    2.9978
   -2.0398   -2.3787   -1.3387   -2.1678    1.1712    3.0055
   -2.0479   -2.3916   -1.3075   -2.1868    1.1770    3.0136
   -2.0559   -2.4044   -1.2762   -2.2058    1.1827    3.0219
   -2.0640   -2.4173   -1.2449   -2.2248    1.1883    3.0305
   -2.0722   -2.4300   -1.2136   -2.2437    1.1937    3.0395
   -2.0803   -2.4428   -1.1822   -2.2626    1.1991    3.0487
   -2.0885   -2.4555   -1.1507   -2.2814    1.2044    3.0581
   -2.0967   -2.4681   -1.1193   -2.3002    1.2096    3.0679
   -2.1051   -2.4807   -1.0877   -2.3190    1.2147    3.0779
   -2.1135   -2.4933   -1.0561   -2.3376    1.2197    3.0882
   -2.1219   -2.5059   -1.0245   -2.3562    1.2247    3.0987
   -2.1305   -2.5185   -0.9929   -2.3747    1.2295    3.1094
   -2.1393   -2.5311   -0.9612   -2.3931    1.2344    3.1203
   -2.1481   -2.5437   -0.9295   -2.4113    1.2392    3.1314
   -2.1571   -2.5564   -0.8977   -2.4294    1.2439    3.1427
   -2.1663   -2.5690   -0.8659   -2.4473    1.2486    3.1541
   -2.1757   -2.5818   -0.8340   -2.4650    1.2533    3.1657
   -2.1853   -2.5946   -0.8022   -2.4825    1.2579    3.1773
   -2.1951   -2.6076   -0.7703   -2.4997    1.2626    3.1890
   -2.2052   -2.6206   -0.7383   -2.5167    1.2672    3.2007
   -2.2155   -2.6338   -0.7064   -2.5333    1.2719    3.2125
   -2.2262   -2.6470   -0.6744   -2.5497    1.2766    3.2242
   -2.2373   -2.6604   -0.6425   -2.5656    1.2814    3.2358
   -2.2487   -2.6739   -0.6105   -2.5812    1.2863    3.2474
   -2.2607   -2.6874   -0.5786   -2.5964    1.2913    3.2589
   -2.2732   -2.7010   -0.5468   -2.6112    1.2964    3.2703
   -2.2865   -2.7146   -0.5151   -2.6255    1.3018    3.2816
   -2.3007   -2.7280   -0.4835   -2.6392    1.3075    3.2929
   -2.3160   -2.7413   -0.4522   -2.6523    1.3136    3.3040
   -2.3330   -2.7543   -0.4214   -2.6646    1.3204    3.3151
   -2.3523   -2.7665   -0.3915   -2.6756    1.3281    3.3264
   -2.3754   -2.7774   -0.3636   -2.6844    1.3374    3.3378
   -2.4045   -2.7849   -0.3408   -2.6888    1.3494    3.3495
   -2.4395   -2.7853   -0.3310   -2.6848    1.3643    3.3598
   -2.4731   -2.7780   -0.3368   -2.6729    1.3793    3.3665
   -2.5026   -2.7672   -0.3509   -2.6579    1.3931    3.3700
   -2.5293   -2.7551   -0.3683   -2.6418    1.4062    3.3716
   -2.5547   -2.7423   -0.3873   -2.6254    1.4191    3.3719
   -2.5793   -2.7293   -0.4069   -2.6090    1.4321    3.3713
   -2.6037   -2.7163   -0.4267   -2.5926    1.4454    3.3697
   -2.6280   -2.7035   -0.4463   -2.5764    1.4593    3.3675
   -2.6527   -2.6908   -0.4655   -2.5605    1.4738    3.3646
   -2.6777   -2.6784   -0.4842   -2.5449    1.4890    3.3611
   -2.7033   -2.6665   -0.5020   -2.5298    1.5050    3.3570
   -2.7294   -2.6550   -0.5190   -2.5152    1.5218    3.3523
   -2.7563   -2.6441   -0.5348   -2.5013    1.5396    3.3471
   -2.7838   -2.6339   -0.5494   -2.4882    1.5584    3.3415
   -2.8122   -2.6246   -0.5626   -2.4759    1.5780    3.3354
   -2.8413   -2.6161   -0.5740   -2.4648    1.5986    3.3290
   -2.8712   -2.6088   -0.5837   -2.4548    1.6201    3.3222
   -2.9017   -2.6026   -0.5913   -2.4462    1.6423    3.3152
   -2.9329   -2.5977   -0.5967   -2.4391    1.6652    3.3081
   -2.9646   -2.5942   -0.5997   -2.4337    1.6885    3.3009
   -2.9967   -2.5922   -0.6003   -2.4301    1.7121    3.2939
   -3.0289   -2.5917   -0.5983   -2.4284    1.7356    3.2871
   -3.0611   -2.5927   -0.5937   -2.4287    1.7589    3.2806
   -3.0930   -2.5951   -0.5866   -2.4308    1.7817    3.2747
   -3.1245   -2.5989   -0.5772   -2.4347    1.8038    3.2696
   -3.1554   -2.6039   -0.5656   -2.4404    1.8250    3.2653
   -3.1857   -2.6099   -0.5520   -2.4476    1.8452    3.2620
   -3.2153   -2.6169   -0.5367   -2.4562    1.8644    3.2598
   -3.2442   -2.6245   -0.5200   -2.4660    1.8825    3.2590
   -3.2719   -2.6325   -0.5023   -2.4765    1.9001    3.2595
   -3.2908   -2.6372   -0.4884   -2.4825    1.9230    3.2591
   -3.3003   -2.6381   -0.4789   -2.4834    1.9519    3.2574
   -3.3016   -2.6358   -0.4731   -2.4799    1.9859    3.2546
   -3.2964   -2.6308   -0.4703   -2.4729    2.0241    3.2509
   -3.2860   -2.6238   -0.4699   -2.4631    2.0657    3.2465
   -3.2718   -2.6153   -0.4713   -2.4512    2.1096    3.2415
   -3.2553   -2.6058   -0.4737   -2.4381    2.1550    3.2363
   -3.2380   -2.5960   -0.4765   -2.4245    2.2010    3.2310
   -3.2211   -2.5864   -0.4791   -2.4112    2.2467    3.2257
   -3.2063   -2.5776   -0.4808   -2.3990    2.2911    3.2207
   -3.1942   -2.5699   -0.4812   -2.3882    2.3338    3.2160
   -3.1846   -2.5633   -0.4804   -2.3788    2.3748    3.2117
   -3.1772   -2.5574   -0.4787   -2.3706    2.4145    3.2077
   -3.1716   -2.5523   -0.4761   -2.3633    2.4530    3.2040
   -3.1673   -2.5477   -0.4729   -2.3568    2.4907    3.2004
   -3.1640   -2.5435   -0.4692   -2.3508    2.5277    3.1970
   -3.1613   -2.5395   -0.4653   -2.3451    2.5644    3.1936
   -3.1588   -2.5357   -0.4613   -2.3396    2.6009    3.1903
   -3.1561   -2.5318   -0.4573   -2.3340    2.6374    3.1870
   -3.1528   -2.5276   -0.4536   -2.3281    2.6743    3.1835
   -3.1488   -2.5232   -0.4502   -2.3218    2.7116    3.1800
   -3.1441   -2.5185   -0.4472   -2.3152    2.7494    3.1764
   -3.1388   -2.5136   -0.4443   -2.3083    2.7875    3.1727
   -3.1331   -2.5085   -0.4418   -2.3011    2.8259    3.1689
   -3.1270   -2.5032   -0.4393   -2.2937    2.8646    3.1651
   -3.1207   -2.4978   -0.4370   -2.2861    2.9035    3.1612
   -3.1144   -2.4924   -0.4348   -2.2784    2.9426    3.1574
   -3.1080   -2.4869   -0.4326   -2.2706    2.9817    3.1535
   -3.1017   -2.4815   -0.4304   -2.2628    3.0209    3.1497
   -3.0957   -2.4760   -0.4282   -2.2551    3.0601    3.1459
   -3.0900   -2.4707   -0.4258   -2.2474    3.0992    3.1421
   -3.0845   -2.4654   -0.4234   -2.2397    3.1382    3.1384
   -3.0791   -2.4602   -0.4209   -2.2322    3.1772    3.1347
   -3.0738   -2.4550   -0.4184   -2.2248    3.2160    3.1310
   -3.0685   -2.4499   -0.4158   -2.2174    3.2546    3.1272
   -3.0631   -2.4449   -0.4131   -2.2102    3.2931    3.1235
   -3.0575   -2.4399   -0.4104   -2.2032    3.3313    3.1198
   -3.0517   -2.4349   -0.4077   -2.1963    3.3693    3.1160
   -3.0456   -2.4299   -0.4049   -2.1896    3.4070    3.1122
   -3.0391   -2.4251   -0.4022   -2.1831    3.4445    3.1083
   -3.0323   -2.4202   -0.3994   -2.1768    3.4816    3.1044
   -3.0252   -2.4153   -0.3966   -2.1705    3.5187    3.1004
   -3.0182   -2.4104   -0.3939   -2.1641    3.5559    3.0965
   -3.0114   -2.4055   -0.3912   -2.1576    3.5933    3.0926
   -3.0050   -2.4004   -0.3885   -2.1508    3.6312    3.0887
   -2.9992   -2.3953   -0.3860   -2.1436    3.6695    3.0849
   -2.9941   -2.3901   -0.3835   -2.1360    3.7086    3.0813
   -2.9899   -2.3847   -0.3811   -2.1278    3.7486    3.0777
   -2.9868   -2.3792   -0.3788   -2.1188    3.7896    3.0743
   -2.9850   -2.3735   -0.3766   -2.1091    3.8318    3.0711
   -2.9841   -2.3676   -0.3745   -2.0989    3.8747    3.0680
   -2.9826   -2.3619   -0.3724   -2.0890    3.9172    3.0648
   -2.9795   -2.3564   -0.3701   -2.0802    3.9581    3.0614
   -2.9735   -2.3514   -0.3674   -2.0733    3.9962    3.0576
   -2.9631   -2.3469   -0.3643   -2.0690    4.0302    3.0532
   -2.9473   -2.3434   -0.3607   -2.0681    4.0591    3.0480
   -2.9253   -2.3407   -0.3564   -2.0712    4.0822    3.0420
   -2.8977   -2.3389   -0.3515   -2.0778    4.1000    3.0352
   -2.8653   -2.3378   -0.3461   -2.0873    4.1133    3.0277
   -2.8291   -2.3372   -0.3403   -2.0992    4.1229    3.0197
   -2.7898   -2.3372   -0.3342   -2.1131    4.1298    3.0113
   -2.7484   -2.3374   -0.3279   -2.1283    4.1345    3.0025
   -2.7056   -2.3378   -0.3214   -2.1443    4.1380    2.9936
   -2.6624   -2.3383   -0.3149   -2.1606    4.1410    2.9847
   -2.6196   -2.3387   -0.3084   -2.1766    4.1444    2.9758
   -2.5780   -2.3389   -0.3021   -2.1919    4.1489    2.9670
   -2.5380   -2.3388   -0.2959   -2.2061    4.1549    2.9585
   -2.4995   -2.3385   -0.2898   -2.2194    4.1623    2.9503
   -2.4622   -2.3381   -0.2839   -2.2319    4.1708    2.9421
   -2.4259   -2.3375   -0.2781   -2.2438    4.1803    2.9342
   -2.3903   -2.3368   -0.2724   -2.2553    4.1905    2.9263
   -2.3553   -2.3361   -0.2667   -2.2665    4.2012    2.9184
   -2.3205   -2.3353   -0.2611   -2.2775    4.2123    2.9106
   -2.2857   -2.3347   -0.2554   -2.2887    4.2234    2.9028
   -2.2507   -2.3341   -0.2498   -2.3000    4.2344    2.8949
   -2.2152   -2.3336   -0.2441   -2.3117    4.2451    2.8869
   -2.1793   -2.3332   -0.2384   -2.3237    4.2554    2.8788
   -2.1430   -2.3330   -0.2327   -2.3360    4.2653    2.8706
   -2.1063   -2.3327   -0.2269   -2.3485    4.2750    2.8625
   -2.0695   -2.3325   -0.2211   -2.3610    4.2844    2.8543
   -2.0326   -2.3321   -0.2153   -2.3735    4.2935    2.8461
   -1.9957   -2.3317   -0.2094   -2.3859    4.3026    2.8380
   -1.9589   -2.3311   -0.2035   -2.3980    4.3115    2.8300
   -1.9224   -2.3302   -0.1976   -2.4097    4.3203    2.8221
   -1.8862   -2.3291   -0.1917   -2.4210    4.3292    2.8144
   -1.8505   -2.3277   -0.1858   -2.4317    4.3380    2.8068
   -1.8150   -2.3261   -0.1799   -2.4421    4.3470    2.7994
   -1.7797   -2.3244   -0.1740   -2.4523    4.3560    2.7920
   -1.7444   -2.3228   -0.1681   -2.4626    4.3651    2.7846
   -1.7089   -2.3215   -0.1623   -2.4733    4.3743    2.7770
   -1.6730   -2.3205   -0.1564   -2.4846    4.3837    2.7692
   -1.6365   -2.3201   -0.1506   -2.4968    4.3932    2.7612
   -1.5992   -2.3204   -0.1449   -2.5102    4.4029    2.7527
   -1.5610   -2.3215   -0.1392   -2.5249    4.4128    2.7437
   -1.5217   -2.3236   -0.1335   -2.5413    4.4230    2.7342
   -1.4812   -2.3268   -0.1279   -2.5595    4.4333    2.7241
   -1.4398   -2.3308   -0.1224   -2.5789    4.4438    2.7136
   -1.3981   -2.3349   -0.1169   -2.5987    4.4544    2.7030
   -1.3567   -2.3389   -0.1113   -2.6182    4.4648    2.6924
   -1.3160   -2.3421   -0.1057   -2.6364    4.4751    2.6823
   -1.2766   -2.3442   -0.1001   -2.6528    4.4851    2.6728
   -1.2391   -2.3446   -0.0943   -2.6665    4.4947    2.6642
   -1.2039   -2.3429   -0.0884   -2.6767    4.5038    2.6568
   -1.1715   -2.3387   -0.0824   -2.6826    4.5123    2.6509
   -1.1426   -2.3313   -0.0761   -2.6834    4.5200    2.6467
   -1.1176   -2.3205   -0.0697   -2.6785    4.5270    2.6444
   -1.0969   -2.3057   -0.0630   -2.6671    4.5330    2.6443
   -1.0804   -2.2873   -0.0561   -2.6497    4.5381    2.6463
   -1.0673   -2.2658   -0.0491   -2.6270    4.5426    2.6500
   -1.0571   -2.2416   -0.0418   -2.6001    4.5464    2.6552
   -1.0493   -2.2154   -0.0345   -2.5697    4.5497    2.6616
   -1.0432   -2.1876   -0.0270   -2.5368    4.5527    2.6688
   -1.0383   -2.1587   -0.0195   -2.5021    4.5555    2.6766
   -1.0339   -2.1294   -0.0119   -2.4666    4.5581    2.6847
   -1.0296   -2.1000   -0.0044   -2.4311    4.5607    2.6928
   -1.0246   -2.0712    0.0031   -2.3964    4.5634    2.7006
   -1.0186   -2.0433    0.0106   -2.3634    4.5664    2.7078
   -1.0115   -2.0164    0.0180   -2.3319    4.5695    2.7145
   -1.0034   -1.9903    0.0253   -2.3018    4.5729    2.7208
   -0.9947   -1.9650    0.0326   -2.2729    4.5765    2.7267
   -0.9853   -1.9401    0.0399   -2.2448    4.5801    2.7322
   -0.9754   -1.9157    0.0472   -2.2174    4.5839    2.7376
   -0.9653   -1.8915    0.0544   -2.1905    4.5877    2.7427
   -0.9550   -1.8675    0.0616   -2.1637    4.5916    2.7479
   -0.9447   -1.8434    0.0689   -2.1369    4.5954    2.7530
   -0.9346   -1.8192    0.0761   -2.1099    4.5992    2.7582
   -0.9249   -1.7947    0.0833   -2.0824    4.6030    2.7636
   -0.9154   -1.7700    0.0906   -2.0546    4.6067    2.7691
   -0.9061   -1.7450    0.0978   -2.0263    4.6103    2.7747
   -0.8971   -1.7199    0.1051   -1.9978    4.6139    2.7804
   -0.8882   -1.6946    0.1124   -1.9690    4.6175    2.7862
   -0.8794   -1.6693    0.1197   -1.9401    4.6210    2.7921
   -0.8707   -1.6438    0.1270   -1.9110    4.6246    2.7980
   -0.8620   -1.6183    0.1344   -1.8819    4.6281    2.8039
   -0.8532   -1.5928    0.1417   -1.8528    4.6316    2.8099
   -0.8445   -1.5674    0.1490   -1.8237    4.6351    2.8158
   -0.8356   -1.5420    0.1564   -1.7948    4.6386    2.8216
   -0.8266   -1.5167    0.1638   -1.7659    4.6422    2.8274
   -0.8175   -1.4914    0.1711   -1.7372    4.6457    2.8332
   -0.8084   -1.4662    0.1785   -1.7086    4.6493    2.8390
   -0.7993   -1.4410    0.1858   -1.6800    4.6528    2.8447
   -0.7902   -1.4159    0.1931   -1.6515    4.6564    2.8505
   -0.7811   -1.3908    0.2004   -1.6230    4.6601    2.8562
   -0.7721   -1.3657    0.2076   -1.5945    4.6637    2.8619
   -0.7631   -1.3407    0.2148   -1.5661    4.6673    2.8676
   -0.7542   -1.3157    0.2220   -1.5377    4.6710    2.8733
   -0.7454   -1.2907    0.2290   -1.5092    4.6747    2.8790
   -0.7367   -1.2657    0.2361   -1.4808    4.6784    2.8847
   -0.7279   -1.2406    0.2431   -1.4523    4.6821    2.8904
   -0.7191   -1.2156    0.2502   -1.4238    4.6857    2.8961
   -0.7103   -1.1905    0.2574   -1.3952    4.6894    2.9018
   -0.7014   -1.1653    0.2646   -1.3666    4.6930    2.9076
   -0.6923   -1.1401    0.2720   -1.3379    4.6965    2.9134
   -0.6830   -1.1147    0.2795   -1.3092    4.7000    2.9192
   -0.6735   -1.0893    0.2872   -1.2803    4.7034    2.9250
   -0.6637   -1.0638    0.2952   -1.2514    4.7068    2.9308
   -0.6537   -1.0381    0.3033   -1.2224    4.7100    2.9367
   -0.6435   -1.0124    0.3116   -1.1933    4.7132    2.9426
   -0.6334   -0.9867    0.3198   -1.1643    4.7165    2.9484
   -0.6235   -0.9611    0.3278   -1.1353    4.7198    2.9543
   -0.6138   -0.9357    0.3356   -1.1065    4.7231    2.9601
   -0.6046   -0.9104    0.3430   -1.0778    4.7267    2.9659
   -0.5960   -0.8855    0.3500   -1.0494    4.7304    2.9716
   -0.5882   -0.8608    0.3563   -1.0212    4.7344    2.9772
   -0.5812   -0.8366    0.3619   -0.9934    4.7386    2.9827
   -0.5751   -0.8128    0.3667   -0.9659    4.7432    2.9882
   -0.5700   -0.7894    0.3708   -0.9388    4.7481    2.9935
   -0.5651   -0.7662    0.3746   -0.9118    4.7530    2.9988
   -0.5601   -0.7428    0.3786   -0.8848    4.7579    3.0042
   -0.5544   -0.7192    0.3831   -0.8575    4.7626    3.0096
   -0.5475   -0.6950    0.3886   -0.8297    4.7669    3.0151
   -0.5389   -0.6700    0.3956   -0.8012    4.7706    3.0208
   -0.5280   -0.6440    0.4044   -0.7719    4.7736    3.0268
   -0.5144   -0.6167    0.4156   -0.7415    4.7757    3.0330
   -0.4975   -0.5879    0.4294   -0.7098    4.7767    3.0396
   -0.4771   -0.5574    0.4462   -0.6768    4.7765    3.0465
   -0.4581   -0.5277    0.4618   -0.6443    4.7769    3.0533
   -0.4506   -0.5032    0.4678   -0.6163    4.7809    3.0589
   -0.4644   -0.4885    0.4561   -0.5965    4.7920    3.0623
   -0.4892   -0.4790    0.4345   -0.5810    4.8063    3.0654
   -0.5134   -0.4691    0.4126   -0.5649    4.8198    3.0702
   -0.5375   -0.4593    0.3904   -0.5486    4.8327    3.0770
   -0.5617   -0.4496    0.3682   -0.5321    4.8452    3.0862
   -0.5866   -0.4406    0.3465   -0.5156    4.8575    3.0987
   -0.6133   -0.4328    0.3263   -0.4994    4.8701    3.1160
   -0.6435   -0.4280    0.3104   -0.4846    4.8837    3.1417
   -0.6785   -0.4311    0.3073   -0.4754    4.8987    3.1815
   -0.7093   -0.4444    0.3240   -0.4773    4.9112    3.2279
   -0.7317   -0.4616    0.3494   -0.4857    4.9200    3.2701
   -0.7495   -0.4797    0.3775   -0.4966    4.9268    3.3090
   -0.7644   -0.4981    0.4067   -0.5087    4.9326    3.3465
   -0.7777   -0.5168    0.4365   -0.5217    4.9376    3.3833
   -0.7897   -0.5354    0.4666   -0.5352    4.9421    3.4198
   -0.8008   -0.5542    0.4968   -0.5492    4.9463    3.4564
   -0.8111   -0.5729    0.5271   -0.5636    4.9503    3.4930
   -0.8209   -0.5916    0.5575   -0.5784    4.9541    3.5298
   -0.8301   -0.6102    0.5879   -0.5935    4.9577    3.5667
   -0.8389   -0.6289    0.6183   -0.6090    4.9612    3.6035
   -0.8473   -0.6474    0.6487   -0.6249    4.9645    3.6403
   -0.8554   -0.6659    0.6790   -0.6410    4.9678    3.6769
   -0.8631   -0.6843    0.7093   -0.6575    4.9711    3.7131
   -0.8705   -0.7028    0.7395   -0.6743    4.9742    3.7488
   -0.8776   -0.7212    0.7697   -0.6913    4.9774    3.7839
   -0.8844   -0.7396    0.7999   -0.7085    4.9804    3.8182
   -0.8910   -0.7580    0.8300   -0.7259    4.9835    3.8517
   -0.8973   -0.7765    0.8600   -0.7435    4.9865    3.8842
   -0.9033   -0.7950    0.8899   -0.7612    4.9895    3.9158
   -0.9092   -0.8137    0.9198   -0.7790    4.9924    3.9463
   -0.9148   -0.8325    0.9495   -0.7969    4.9953    3.9757
   -0.9202   -0.8514    0.9792   -0.8148    4.9982    4.0041
   -0.9255   -0.8705    1.0089   -0.8328    5.0011    4.0314
   -0.9305   -0.8897    1.0384   -0.8508    5.0040    4.0577
   -0.9354   -0.9091    1.0678   -0.8688    5.0069    4.0829
   -0.9401   -0.9287    1.0972   -0.8869    5.0098    4.1072
   -0.9446   -0.9485    1.1265   -0.9049    5.0126    4.1305
   -0.9490   -0.9684    1.1556   -0.9229    5.0155    4.1529
   -0.9533   -0.9885    1.1847   -0.9409    5.0183    4.1744
   -0.9574   -1.0089    1.2136   -0.9589    5.0212    4.1951
   -0.9613   -1.0294    1.2424   -0.9769    5.0241    4.2150
   -0.9652   -1.0502    1.2712   -0.9948    5.0269    4.2342
   -0.9689   -1.0711    1.2998   -1.0127    5.0298    4.2527
   -0.9725   -1.0923    1.3282   -1.0306    5.0326    4.2705
   -0.9760   -1.1137    1.3566   -1.0484    5.0355    4.2877
   -0.9794   -1.1353    1.3848   -1.0662    5.0383    4.3044
   -0.9827   -1.1572    1.4129   -1.0840    5.0411    4.3206
   -0.9859   -1.1792    1.4408   -1.1017    5.0440    4.3362
   -0.9890   -1.2016    1.4686   -1.1194    5.0468    4.3514
   -0.9919   -1.2241    1.4963   -1.1369    5.0496    4.3663
   -0.9948   -1.2469    1.5238   -1.1545    5.0524    4.3807
   -0.9976   -1.2700    1.5511   -1.1719    5.0552    4.3948
   -1.0003   -1.2933    1.5783   -1.1893    5.0579    4.4086
   -1.0029   -1.3169    1.6053   -1.2066    5.0607    4.4221
   -1.0054   -1.3408    1.6322   -1.2238    5.0634    4.4353
   -1.0078   -1.3650    1.6588   -1.2409    5.0661    4.4483
   -1.0101   -1.3895    1.6853   -1.2578    5.0687    4.4612
   -1.0123   -1.4142    1.7116   -1.2747    5.0713    4.4739
   -1.0144   -1.4393    1.7377   -1.2914    5.0739    4.4864
   -1.0164   -1.4648    1.7636   -1.3079    5.0764    4.4988
   -1.0183   -1.4905    1.7892   -1.3245    5.0789    4.5113
   -1.0201   -1.5167    1.8147   -1.3402    5.0812    4.5233
   -1.0218   -1.5432    1.8399   -1.3561    5.0835    4.5355
   -1.0235   -1.5696    1.8649   -1.3744    5.0861    4.5492
   -1.0249   -1.5975    1.8895   -1.3855    5.0877    4.5589
   -1.0260   -1.6293    1.9134   -1.3741    5.0867    4.5555