   -3.0057   -2.2892   -2.0022    0.1346    1.7001         0
   -2.9910   -2.2826   -2.0092    0.1271    1.6727         0
   -2.9824   -2.2740   -2.0068    0.0962    1.6510         0
   -2.9744   -2.2658   -2.0037    0.0643    1.6298         0
   -2.9675   -2.2582   -1.9992    0.0304    1.6120         0
   -2.9662   -2.2517   -1.9910   -0.0079    1.6087         0
   -2.9680   -2.2462   -1.9820   -0.0463    1.6124         0
   -2.9701   -2.2413   -1.9729   -0.0846    1.6170         0
   -2.9724   -2.2368   -1.9633   -0.1228    1.6212         0
   -2.9750   -2.2331   -1.9524   -0.1613    1.6239         0
   -2.9810   -2.2317   -1.9378   -0.1984    1.6267         0
   -2.9935   -2.2382   -1.9379   -0.1737    1.6500         0
   -3.0015   -2.2442   -1.9427   -0.1420    1.6718         0
   -3.0083   -2.2506   -1.9478   -0.1086    1.6911         0
   -3.0157   -2.2578   -1.9520   -0.0752    1.7099         0
   -3.0295   -2.2664   -1.9489   -0.0545    1.7372         0
   -3.0438   -2.2734   -1.9424   -0.0496    1.7727         0
   -3.0562   -2.2816   -1.9383   -0.0355    1.8068         0
   -3.0670   -2.2910   -1.9364   -0.0121    1.8355         0
   -3.0738   -2.2999   -1.9396    0.0206    1.8553         0
   -3.0778   -2.3082   -1.9451    0.0565    1.8692         0
   -3.0804   -2.3164   -1.9512    0.0938    1.8791         0
   -3.0810   -2.3241   -1.9581    0.1322    1.8834         0
   -3.0779   -2.3300   -1.9666    0.1702    1.8778         0
   -3.0706   -2.3330   -1.9765    0.2035    1.8598         0
   -3.0623   -2.3354   -1.9869    0.2342    1.8381         0
   -3.0560   -2.3404   -1.9985    0.2693    1.8268         0
   -3.0558   -2.3495   -2.0062    0.3063    1.8361         0
   -3.0578   -2.3602   -2.0098    0.3434    1.8457         0
   -3.0600   -2.3715   -2.0122    0.3809    1.8533         0
   -3.0612   -2.3828   -2.0147    0.4189    1.8578         0
   -3.0603   -2.3935   -2.0179    0.4573    1.8575         0
   -3.0562   -2.4025   -2.0227    0.4945    1.8484         0
   -3.0491   -2.4091   -2.0285    0.5274    1.8288         0
   -3.0388   -2.4114   -2.0355    0.5503    1.7989         0
   -3.0266   -2.4026   -2.0419    0.5400    1.7655         0
   -3.0184   -2.3899   -2.0450    0.5106    1.7432         0
   -3.0116   -2.3775   -2.0471    0.4784    1.7243         0
   -3.0052   -2.3653   -2.0485    0.4450    1.7071         0
   -2.9982   -2.3533   -2.0497    0.4114    1.6905         0
   -2.9869   -2.3418   -2.0524    0.3833    1.6681         0
   -2.9710   -2.3400   -2.0599    0.3930    1.6364         0
   -2.9604   -2.3465   -2.0678    0.4247    1.6171         0
   -2.9457   -2.3454   -2.0749    0.4314    1.5887         0
   -2.9381   -2.3342   -2.0738    0.3980    1.5712         0
   -2.9337   -2.3232   -2.0711    0.3614    1.5607         0
   -2.9306   -2.3126   -2.0676    0.3237    1.5542         0
   -2.9284   -2.3024   -2.0636    0.2854    1.5508         0
   -2.9271   -2.2928   -2.0591    0.2469    1.5502         0
   -2.9265   -2.2838   -2.0541    0.2083    1.5518         0
   -2.9263   -2.2752   -2.0483    0.1697    1.5548         0
   -2.9263   -2.2672   -2.0415    0.1313    1.5584         0
   -2.9262   -2.2598   -2.0335    0.0930    1.5622         0
   -2.9248   -2.2530   -2.0232    0.0550    1.5636         0
   -2.9160   -2.2465   -2.0128    0.0198    1.5528         0
   -2.9099   -2.2399   -2.0046   -0.0174    1.5444         0
   -2.9066   -2.2339   -1.9960   -0.0554    1.5387         0
   -2.9048   -2.2285   -1.9869   -0.0938    1.5355         0
   -2.9044   -2.2237   -1.9772   -0.1323    1.5354         0
   -2.9056   -2.2197   -1.9667   -0.1705    1.5394         0
   -2.9085   -2.2166   -1.9553   -0.2077    1.5473         0
   -2.9131   -2.2144   -1.9430   -0.2438    1.5582         0
   -2.9195   -2.2134   -1.9296   -0.2789    1.5703         0
   -2.9395   -2.2169   -1.9137   -0.3015    1.5817         0
   -2.9530   -2.2203   -1.8943   -0.3312    1.5907         0
   -2.9574   -2.2206   -1.8791   -0.3675    1.5963         0
   -2.9602   -2.2208   -1.8643   -0.4042    1.6013         0
   -2.9631   -2.2216   -1.8490   -0.4406    1.6066         0
   -2.9670   -2.2233   -1.8331   -0.4766    1.6122         0
   -2.9743   -2.2265   -1.8154   -0.5115    1.6175         0
   -2.9873   -2.2281   -1.8236   -0.4849    1.6240         0
   -2.9927   -2.2284   -1.8373   -0.4485    1.6316         0
   -2.9991   -2.2295   -1.8500   -0.4126    1.6420         0
   -3.0084   -2.2324   -1.8589   -0.3809    1.6621         0
   -3.0203   -2.2368   -1.8614   -0.3606    1.6938         0
   -3.0333   -2.2421   -1.8595   -0.3496    1.7295         0
   -3.0515   -2.2512   -1.8487   -0.3481    1.7603         0
   -3.0681   -2.2615   -1.8360   -0.3440    1.7910         0
   -3.0794   -2.2689   -1.8349   -0.3236    1.8222         0
   -3.0860   -2.2747   -1.8407   -0.2905    1.8418         0
   -3.0897   -2.2796   -1.8489   -0.2539    1.8544         0
   -3.0924   -2.2842   -1.8577   -0.2167    1.8651         0
   -3.0951   -2.2892   -1.8664   -0.1798    1.8762         0
   -3.0984   -2.2949   -1.8745   -0.1431    1.8884         0
   -3.1033   -2.3019   -1.8818   -0.1070    1.9012         0
   -3.1120   -2.3109   -1.8861   -0.0761    1.9225         0
   -3.1223   -2.3206   -1.8862   -0.0536    1.9524         0
   -3.1316   -2.3304   -1.8855   -0.0322    1.9833         0
   -3.1391   -2.3402   -1.8865   -0.0045    2.0092         0
   -3.1438   -2.3496   -1.8900    0.0299    2.0262         0
   -3.1461   -2.3581   -1.8950    0.0677    2.0346         0
   -3.1463   -2.3656   -1.9006    0.1066    2.0360         0
   -3.1451   -2.3722   -1.9068    0.1453    2.0317         0
   -3.1423   -2.3779   -1.9138    0.1831    2.0226         0
   -3.1376   -2.3820   -1.9225    0.2190    2.0085         0
   -3.1285   -2.3821   -1.9387    0.2504    1.9954         0
   -3.1244   -2.3878   -1.9502    0.2874    1.9946         0
   -3.1226   -2.3961   -1.9558    0.3259    1.9912         0
   -3.1214   -2.4053   -1.9598    0.3645    1.9879         0
   -3.1204   -2.4150   -1.9628    0.4030    1.9851         0
   -3.1195   -2.4252   -1.9651    0.4416    1.9829         0
   -3.1188   -2.4359   -1.9670    0.4800    1.9820         0
   -3.1180   -2.4470   -1.9689    0.5183    1.9838         0
   -3.1169   -2.4583   -1.9720    0.5546    1.9949         0
   -3.1095   -2.4648   -1.9822    0.5879    1.9937         0
   -3.1015   -2.4698   -1.9897    0.6190    1.9717         0
   -3.0946   -2.4771   -1.9957    0.6527    1.9537         0
   -3.0889   -2.4871   -2.0007    0.6893    1.9436         0
   -3.0828   -2.4968   -2.0054    0.7248    1.9302         0
   -3.0746   -2.5032   -2.0107    0.7545    1.9064         0
   -3.0640   -2.5051   -2.0180    0.7748    1.8746         0
   -3.0513   -2.5010   -2.0275    0.7801    1.8387         0
   -3.0377   -2.4918   -2.0381    0.7717    1.8049         0
   -3.0218   -2.4829   -2.0493    0.7652    1.7722         0
   -3.0075   -2.4816   -2.0572    0.7763    1.7376         0
   -2.9948   -2.4830   -2.0630    0.7919    1.7035         0
   -2.9817   -2.4830   -2.0686    0.8032    1.6680         0
   -2.9676   -2.4772   -2.0749    0.7991    1.6322         0
   -2.9551   -2.4658   -2.0810    0.7782    1.6034         0
   -2.9438   -2.4533   -2.0864    0.7520    1.5789         0
   -2.9305   -2.4417   -2.0916    0.7282    1.5528         0
   -2.9145   -2.4397   -2.0959    0.7302    1.5174         0
   -2.9007   -2.4432   -2.0990    0.7442    1.4829         0
   -2.8857   -2.4433   -2.1025    0.7473    1.4467         0
   -2.8739   -2.4340   -2.1058    0.7231    1.4199         0
   -2.8681   -2.4211   -2.1077    0.6880    1.4072         0
   -2.8654   -2.4079   -2.1084    0.6507    1.4022         0
   -2.8646   -2.3948   -2.1083    0.6129    1.4017         0
   -2.8647   -2.3821   -2.1074    0.5751    1.4037         0
   -2.8650   -2.3697   -2.1058    0.5372    1.4068         0
   -2.8652   -2.3576   -2.1035    0.4993    1.4095         0
   -2.8646   -2.3457   -2.1004    0.4612    1.4105         0
   -2.8624   -2.3343   -2.0967    0.4233    1.4073         0
   -2.8576   -2.3237   -2.0924    0.3868    1.3967         0
   -2.8524   -2.3139   -2.0878    0.3509    1.3838         0
   -2.8500   -2.3039   -2.0823    0.3131    1.3786         0
   -2.8511   -2.2942   -2.0761    0.2751    1.3834         0
   -2.8539   -2.2851   -2.0698    0.2381    1.3932         0
   -2.8569   -2.2765   -2.0633    0.2012    1.4040         0
   -2.8593   -2.2684   -2.0564    0.1640    1.4139         0
   -2.8603   -2.2606   -2.0489    0.1261    1.4205         0
   -2.8596   -2.2531   -2.0411    0.0876    1.4220         0
   -2.8575   -2.2462   -2.0335    0.0492    1.4183         0
   -2.8551   -2.2397   -2.0258    0.0110    1.4124         0
   -2.8533   -2.2336   -2.0176   -0.0273    1.4074         0
   -2.8526   -2.2281   -2.0085   -0.0658    1.4058         0
   -2.8540   -2.2232   -1.9982   -0.1037    1.4109         0
   -2.8571   -2.2191   -1.9870   -0.1403    1.4215         0
   -2.8608   -2.2157   -1.9748   -0.1762    1.4333         0
   -2.8631   -2.2129   -1.9620   -0.2131    1.4406         0
   -2.8637   -2.2104   -1.9492   -0.2509    1.4417         0
   -2.8632   -2.2083   -1.9363   -0.2887    1.4398         0
   -2.8636   -2.2070   -1.9225   -0.3261    1.4412         0
   -2.8678   -2.2066   -1.9078   -0.3608    1.4537         0
   -2.8767   -2.2072   -1.8949   -0.3861    1.4799         0
   -2.8888   -2.2090   -1.8847   -0.4002    1.5138         0
   -2.9004   -2.2116   -1.8706   -0.4215    1.5415         0
   -2.9074   -2.2137   -1.8542   -0.4540    1.5560         0
   -2.9132   -2.2156   -1.8379   -0.4889    1.5650         0
   -2.9196   -2.2179   -1.8217   -0.5240    1.5725         0
   -2.9300   -2.2218   -1.8041   -0.5559    1.5845         0
   -2.9425   -2.2308   -1.7794   -0.5813    1.5916         0
   -2.9472   -2.2374   -1.7572   -0.6133    1.5934         0
   -2.9500   -2.2423   -1.7378   -0.6478    1.5958         0
   -2.9563   -2.2496   -1.7156   -0.6793    1.5991         0
   -2.9810   -2.2597   -1.6950   -0.6932    1.6064         0
   -2.9922   -2.2682   -1.6728   -0.7212    1.6175         0
   -3.0093   -2.2727   -1.6679   -0.7171    1.6354         0
   -3.0122   -2.2663   -1.6892   -0.6848    1.6421         0
   -3.0124   -2.2613   -1.7086   -0.6503    1.6439         0
   -3.0125   -2.2569   -1.7275   -0.6153    1.6440         0
   -3.0145   -2.2517   -1.7484   -0.5823    1.6489         0
   -3.0224   -2.2499   -1.7625   -0.5549    1.6726         0
   -3.0323   -2.2524   -1.7694   -0.5278    1.6993         0
   -3.0472   -2.2599   -1.7671   -0.5051    1.7257         0
   -3.0615   -2.2678   -1.7525   -0.5174    1.7565         0
   -3.0748   -2.2754   -1.7390   -0.5300    1.7879         0
   -3.0873   -2.2819   -1.7351   -0.5227    1.8242         0
   -3.0980   -2.2866   -1.7369   -0.5091    1.8599         0
   -3.1068   -2.2892   -1.7466   -0.4847    1.8880         0
   -3.1113   -2.2892   -1.7623   -0.4514    1.9026         0
   -3.1152   -2.2896   -1.7779   -0.4176    1.9168         0
   -3.1214   -2.2925   -1.7892   -0.3872    1.9390         0
   -3.1285   -2.2979   -1.7960   -0.3584    1.9643         0
   -3.1362   -2.3046   -1.8003   -0.3313    1.9916         0
   -3.1445   -2.3125   -1.8030   -0.3056    2.0199         0
   -3.1540   -2.3218   -1.8031   -0.2836    2.0505         0
   -3.1656   -2.3326   -1.7968   -0.2771    2.0855         0
   -3.1765   -2.3432   -1.7896   -0.2733    2.1212         0
   -3.1845   -2.3531   -1.7899   -0.2492    2.1501         0
   -3.1893   -2.3612   -1.7945   -0.2160    2.1698         0
   -3.1920   -2.3679   -1.8010   -0.1791    2.1819         0
   -3.1929   -2.3733   -1.8086   -0.1406    2.1867         0
   -3.1925   -2.3778   -1.8170   -0.1017    2.1857         0
   -3.1914   -2.3819   -1.8260   -0.0631    2.1824         0
   -3.1909   -2.3869   -1.8347   -0.0244    2.1819         0
   -3.1924   -2.3942   -1.8418    0.0132    2.1903         0
   -3.1955   -2.4035   -1.8458    0.0487    2.2056         0
   -3.1985   -2.4135   -1.8481    0.0844    2.2201         0
   -3.2011   -2.4236   -1.8497    0.1207    2.2332         0
   -3.2030   -2.4336   -1.8514    0.1580    2.2432         0
   -3.2038   -2.4429   -1.8536    0.1965    2.2486         0
   -3.2032   -2.4509   -1.8571    0.2355    2.2472         0
   -3.2011   -2.4573   -1.8618    0.2738    2.2390         0
   -3.1977   -2.4620   -1.8681    0.3104    2.2255         0
   -3.1933   -2.4658   -1.8757    0.3457    2.2092         0
   -3.1891   -2.4707   -1.8836    0.3820    2.1960         0
   -3.1866   -2.4787   -1.8896    0.4204    2.1921         0
   -3.1856   -2.4887   -1.8924    0.4590    2.1925         0
   -3.1847   -2.4991   -1.8939    0.4976    2.1921         0
   -3.1835   -2.5096   -1.8951    0.5361    2.1903         0
   -3.1816   -2.5196   -1.8965    0.5745    2.1863         0
   -3.1783   -2.5285   -1.8993    0.6123    2.1778         0
   -3.1734   -2.5355   -1.9042    0.6480    2.1627         0
   -3.1671   -2.5405   -1.9105    0.6801    2.1412         0
   -3.1607   -2.5460   -1.9164    0.7120    2.1194         0
   -3.1557   -2.5547   -1.9199    0.7475    2.1047         0
   -3.1545   -2.5683   -1.9183    0.7847    2.1064         0
   -3.1556   -2.5838   -1.9134    0.8201    2.1155         0
   -3.1554   -2.5992   -1.9094    0.8563    2.1209         0
   -3.1511   -2.6116   -1.9101    0.8936    2.1164         0
   -3.1374   -2.6100   -1.9261    0.9135    2.0977         0
   -3.1266   -2.6083   -1.9370    0.9296    2.0646         0
   -3.1165   -2.6107   -1.9448    0.9532    2.0352         0
   -3.1072   -2.6166   -1.9500    0.9816    2.0097         0
   -3.0941   -2.6170   -1.9625    0.9966    1.9784         0
   -3.0814   -2.6117   -1.9757    0.9995    1.9434         0
   -3.0694   -2.6065   -1.9864    1.0032    1.9073         0
   -3.0573   -2.6026   -1.9959    1.0090    1.8711         0
   -3.0449   -2.6013   -2.0040    1.0197    1.8356         0
   -3.0324   -2.6026   -2.0109    1.0344    1.8012         0
   -3.0196   -2.6025   -2.0184    1.0439    1.7654         0
   -3.0067   -2.6002   -2.0264    1.0479    1.7287         0
   -2.9935   -2.5961   -2.0344    1.0480    1.6920         0
   -2.9796   -2.5898   -2.0429    1.0435    1.6563         0
   -2.9654   -2.5819   -2.0515    1.0346    1.6220         0
   -2.9504   -2.5744   -2.0597    1.0259    1.5877         0
   -2.9347   -2.5719   -2.0657    1.0269    1.5517         0
   -2.9191   -2.5739   -2.0698    1.0360    1.5163         0
   -2.9023   -2.5723   -2.0748    1.0370    1.4806         0
   -2.8868   -2.5663   -2.0802    1.0275    1.4460         0
   -2.8712   -2.5613   -2.0844    1.0195    1.4106         0
   -2.8545   -2.5598   -2.0872    1.0177    1.3745         0
   -2.8369   -2.5608   -2.0890    1.0191    1.3387         0
   -2.8209   -2.5554   -2.0926    1.0047    1.3067         0
   -2.8126   -2.5428   -2.0972    0.9746    1.2859         0
   -2.8096   -2.5276   -2.1015    0.9393    1.2766         0
   -2.8099   -2.5116   -2.1051    0.9028    1.2754         0
   -2.8107   -2.4958   -2.1079    0.8662    1.2752         0
   -2.8098   -2.4805   -2.1101    0.8295    1.2715         0
   -2.8063   -2.4663   -2.1117    0.7935    1.2624         0
   -2.8009   -2.4537   -2.1130    0.7588    1.2479         0
   -2.7947   -2.4423   -2.1141    0.7252    1.2307         0
   -2.7888   -2.4314   -2.1150    0.6912    1.2136         0
   -2.7839   -2.4203   -2.1156    0.6560    1.1991         0
   -2.7804   -2.4087   -2.1156    0.6194    1.1885         0
   -2.7787   -2.3965   -2.1149    0.5817    1.1831         0
   -2.7795   -2.3839   -2.1136    0.5438    1.1845         0
   -2.7821   -2.3712   -2.1115    0.5067    1.1918         0
   -2.7855   -2.3589   -2.1086    0.4705    1.2027         0
   -2.7888   -2.3470   -2.1045    0.4346    1.2146         0
   -2.7899   -2.3356   -2.0983    0.3977    1.2224         0
   -2.7869   -2.3256   -2.0920    0.3602    1.2162         0
   -2.7837   -2.3165   -2.0874    0.3229    1.2068         0
   -2.7811   -2.3075   -2.0830    0.2851    1.1985         0
   -2.7791   -2.2988   -2.0784    0.2469    1.1923         0
   -2.7781   -2.2900   -2.0734    0.2083    1.1891         0
   -2.7780   -2.2814   -2.0679    0.1696    1.1889         0
   -2.7788   -2.2731   -2.0619    0.1311    1.1923         0
   -2.7805   -2.2650   -2.0550    0.0932    1.1991         0
   -2.7829   -2.2575   -2.0470    0.0562    1.2092         0
   -2.7857   -2.2509   -2.0372    0.0204    1.2224         0
   -2.7878   -2.2455   -2.0249   -0.0151    1.2343         0
   -2.7878   -2.2404   -2.0136   -0.0531    1.2370         0
   -2.7877   -2.2353   -2.0037   -0.0915    1.2375         0
   -2.7879   -2.2305   -1.9938   -0.1299    1.2388         0
   -2.7890   -2.2259   -1.9835   -0.1681    1.2430         0
   -2.7912   -2.2218   -1.9727   -0.2053    1.2516         0
   -2.7948   -2.2184   -1.9611   -0.2406    1.2655         0
   -2.7997   -2.2156   -1.9489   -0.2737    1.2836         0
   -2.8052   -2.2136   -1.9358   -0.3053    1.3034         0
   -2.8101   -2.2128   -1.9208   -0.3380    1.3200         0
   -2.8127   -2.2125   -1.9052   -0.3736    1.3290         0
   -2.8142   -2.2128   -1.8893   -0.4097    1.3354         0
   -2.8175   -2.2138   -1.8728   -0.4437    1.3479         0
   -2.8235   -2.2146   -1.8578   -0.4743    1.3678         0
   -2.8311   -2.2150   -1.8443   -0.5030    1.3910         0
   -2.8403   -2.2155   -1.8315   -0.5302    1.4158         0
   -2.8540   -2.2164   -1.8191   -0.5530    1.4426         0
   -2.8694   -2.2179   -1.8076   -0.5716    1.4722         0
   -2.8796   -2.2205   -1.7935   -0.5969    1.4976         0
   -2.8882   -2.2245   -1.7769   -0.6240    1.5200         0
   -2.8968   -2.2310   -1.7560   -0.6518    1.5359         0
   -2.9051   -2.2397   -1.7316   -0.6801    1.5434         0
   -2.9169   -2.2478   -1.7097   -0.7049    1.5607         0
   -2.9254   -2.2591   -1.6829   -0.7287    1.5693         0
   -2.9327   -2.2696   -1.6570   -0.7557    1.5743         0
   -2.9523   -2.2816   -1.6325   -0.7703    1.5873         0
   -2.9650   -2.2953   -1.6039   -0.7893    1.5937         0
   -2.9863   -2.3083   -1.5792   -0.8003    1.6069         0
   -2.9952   -2.3211   -1.5513   -0.8231    1.6138         0
   -2.9943   -2.3347   -1.5222   -0.8430    1.6167         0
   -2.9790   -2.3249   -1.5419   -0.8294    1.6019         0
   -2.9644   -2.3125   -1.5671   -0.8132    1.5914         0
   -2.9503   -2.3223   -1.5436   -0.8366    1.5810         0
   -2.9321   -2.3267   -1.5329   -0.8472    1.5715         0
   -2.9169   -2.3143   -1.5591   -0.8292    1.5631         0
   -2.9020   -2.3219   -1.5404   -0.8529    1.5448         0
   -2.8810   -2.3195   -1.5442   -0.8588    1.5250         0
   -2.8692   -2.3078   -1.5710   -0.8370    1.5157         0
   -2.8636   -2.2980   -1.5958   -0.8090    1.5080         0
   -2.8495   -2.2952   -1.6027   -0.8086    1.4816         0
   -2.8427   -2.3016   -1.5848   -0.8392    1.4662         0
   -2.8404   -2.3105   -1.5623   -0.8703    1.4604         0
   -2.8390   -2.3218   -1.5366   -0.8988    1.4576         0
   -2.8251   -2.3169   -1.5490   -0.8941    1.4285         0
   -2.8130   -2.3133   -1.5599   -0.8884    1.3930         0
   -2.8008   -2.3149   -1.5602   -0.8942    1.3557         0
   -2.7899   -2.3210   -1.5496   -0.9137    1.3251         0
   -2.7798   -2.3275   -1.5380   -0.9376    1.2978         0
   -2.7670   -2.3337   -1.5303   -0.9558    1.2663         0
   -2.7542   -2.3383   -1.5271   -0.9689    1.2312         0
   -2.7407   -2.3402   -1.5302   -0.9801    1.1957         0
   -2.7274   -2.3364   -1.5482   -0.9691    1.1658         0
   -2.7169   -2.3320   -1.5676   -0.9505    1.1385         0
   -2.7050   -2.3305   -1.5809   -0.9461    1.1036         0
   -2.6934   -2.3327   -1.5848   -0.9584    1.0678         0
   -2.6826   -2.3364   -1.5858   -0.9739    1.0327         0
   -2.6721   -2.3400   -1.5882   -0.9865    0.9965         0
   -2.6621   -2.3430   -1.5934   -0.9931    0.9588         0
   -2.6528   -2.3465   -1.5977   -1.0000    0.9210         0
   -2.6443   -2.3515   -1.5982   -1.0124    0.8843         0
   -2.6362   -2.3591   -1.5948   -1.0265    0.8487         0
   -2.6286   -2.3728   -1.5825   -1.0406    0.8178         0
   -2.6241   -2.3858   -1.5637   -1.0694    0.8029         0
   -2.6181   -2.3987   -1.5483   -1.0974    0.7839         0
   -2.6105   -2.4148   -1.5325   -1.1208    0.7628         0
   -2.6091   -2.4251   -1.5128   -1.1537    0.7643         0
   -2.6105   -2.4317   -1.4938   -1.1868    0.7739         0
   -2.6133   -2.4371   -1.4750   -1.2190    0.7872         0
   -2.6171   -2.4414   -1.4564   -1.2497    0.8038         0
   -2.6224   -2.4442   -1.4384   -1.2784    0.8242         0
   -2.6304   -2.4435   -1.4227   -1.3022    0.8507         0
   -2.6432   -2.4369   -1.4132   -1.3070    0.8859         0
   -2.6489   -2.4438   -1.3908   -1.3334    0.9023         0
   -2.6485   -2.4557   -1.3689   -1.3644    0.9036         0
   -2.6448   -2.4693   -1.3489   -1.3957    0.8985         0
   -2.6429   -2.4808   -1.3294   -1.4285    0.8983         0
   -2.6428   -2.4909   -1.3095   -1.4615    0.9025         0
   -2.6438   -2.5004   -1.2892   -1.4939    0.9091         0
   -2.6455   -2.5098   -1.2683   -1.5257    0.9171         0
   -2.6477   -2.5192   -1.2470   -1.5568    0.9262         0
   -2.6504   -2.5287   -1.2252   -1.5873    0.9359         0
   -2.6535   -2.5382   -1.2030   -1.6174    0.9460         0
   -2.6569   -2.5478   -1.1804   -1.6470    0.9565         0
   -2.6604   -2.5577   -1.1576   -1.6765    0.9666         0
   -2.6635   -2.5681   -1.1346   -1.7062    0.9751         0
   -2.6657   -2.5791   -1.1118   -1.7364    0.9812         0
   -2.6673   -2.5904   -1.0893   -1.7672    0.9857         0
   -2.6686   -2.6019   -1.0671   -1.7981    0.9899         0
   -2.6698   -2.6135   -1.0449   -1.8289    0.9943         0
   -2.6712   -2.6251   -1.0224   -1.8594    0.9994         0
   -2.6730   -2.6368   -0.9995   -1.8894    1.0054         0
   -2.6753   -2.6484   -0.9761   -1.9187    1.0131         0
   -2.6782   -2.6600   -0.9523   -1.9470    1.0224         0
   -2.6817   -2.6719   -0.9275   -1.9742    1.0319         0
   -2.6853   -2.6847   -0.9016   -2.0009    1.0386         0
   -2.6877   -2.6990   -0.8753   -2.0272    1.0383         0
   -2.6888   -2.7134   -0.8503   -2.0546    1.0360         0
   -2.6894   -2.7273   -0.8261   -2.0834    1.0377         0
   -2.6896   -2.7411   -0.8023   -2.1123    1.0398         0
   -2.6894   -2.7551   -0.7788   -2.1414    1.0418         0
   -2.6885   -2.7695   -0.7557   -2.1706    1.0431         0
   -2.6866   -2.7846   -0.7331   -2.1999    1.0431         0
   -2.6833   -2.8005   -0.7114   -2.2294    1.0428         0
   -2.6822   -2.8137   -0.6928   -2.2469    1.0667         0
   -2.6803   -2.8070   -0.7096   -2.2221    1.0832         0
   -2.6767   -2.7960   -0.7340   -2.1963    1.0695         0
   -2.6728   -2.7853   -0.7579   -2.1724    1.0517         0
   -2.6687   -2.7751   -0.7813   -2.1491    1.0305         0
   -2.6642   -2.7655   -0.8041   -2.1285    1.0072         0
   -2.6587   -2.7566   -0.8263   -2.1129    0.9847         0
   -2.6543   -2.7478   -0.8483   -2.0915    0.9510         0
   -2.6461   -2.7428   -0.8653   -2.1002    0.9409         0
   -2.6510   -2.7513   -0.8435   -2.1180    0.9742         0
   -2.6537   -2.7570   -0.8291   -2.1345    1.0061         0
   -2.6570   -2.7614   -0.8166   -2.1467    1.0409         0
   -2.6601   -2.7585   -0.8166   -2.1432    1.0800         0
   -2.6583   -2.7444   -0.8422   -2.1144    1.0807         0
   -2.6554   -2.7325   -0.8659   -2.0883    1.0675         0
   -2.6523   -2.7216   -0.8882   -2.0633    1.0509         0
   -2.6491   -2.7107   -0.9108   -2.0375    1.0332         0
   -2.6460   -2.7001   -0.9332   -2.0115    1.0148         0
   -2.6429   -2.6900   -0.9549   -1.9857    0.9959         0
   -2.6398   -2.6803   -0.9762   -1.9598    0.9769         0
   -2.6368   -2.6709   -0.9972   -1.9336    0.9577         0
   -2.6339   -2.6617   -1.0180   -1.9070    0.9385         0
   -2.6310   -2.6528   -1.0385   -1.8800    0.9193         0
   -2.6282   -2.6441   -1.0588   -1.8527    0.9003         0
   -2.6255   -2.6357   -1.0788   -1.8251    0.8815         0
   -2.6228   -2.6276   -1.0984   -1.7972    0.8628         0
   -2.6203   -2.6198   -1.1177   -1.7690    0.8443         0
   -2.6178   -2.6123   -1.1369   -1.7403    0.8259         0
   -2.6153   -2.6051   -1.1558   -1.7111    0.8075         0
   -2.6129   -2.5982   -1.1746   -1.6811    0.7889         0
   -2.6106   -2.5915   -1.1933   -1.6505    0.7702         0
   -2.6083   -2.5852   -1.2117   -1.6195    0.7517         0
   -2.6060   -2.5792   -1.2296   -1.5886    0.7336         0
   -2.6040   -2.5736   -1.2468   -1.5582    0.7163         0
   -2.6020   -2.5685   -1.2630   -1.5286    0.7001         0
   -2.6003   -2.5639   -1.2782   -1.4999    0.6849         0
   -2.5985   -2.5596   -1.2931   -1.4711    0.6697         0
   -2.5967   -2.5556   -1.3085   -1.4406    0.6529         0
   -2.5946   -2.5517   -1.3253   -1.4069    0.6332         0
   -2.5921   -2.5477   -1.3443   -1.3686    0.6090         0
   -2.5893   -2.5441   -1.3631   -1.3335    0.5815         0
   -2.5868   -2.5423   -1.3726   -1.3290    0.5571         0
   -2.5851   -2.5429   -1.3685   -1.3657    0.5407         0
   -2.5842   -2.5447   -1.3592   -1.4109    0.5327         0
   -2.5839   -2.5467   -1.3493   -1.4500    0.5312         0
   -2.5840   -2.5491   -1.3387   -1.4860    0.5336         0
   -2.5842   -2.5519   -1.3274   -1.5223    0.5373         0
   -2.5844   -2.5550   -1.3155   -1.5599    0.5412         0
   -2.5846   -2.5584   -1.3030   -1.5980    0.5458         0
   -2.5849   -2.5620   -1.2902   -1.6358    0.5515         0
   -2.5853   -2.5659   -1.2771   -1.6726    0.5587         0
   -2.5858   -2.5702   -1.2635   -1.7087    0.5674         0
   -2.5865   -2.5750   -1.2490   -1.7444    0.5775         0
   -2.5874   -2.5804   -1.2332   -1.7801    0.5889         0
   -2.5883   -2.5859   -1.2179   -1.8153    0.6011         0
   -2.5886   -2.5900   -1.2057   -1.8486    0.6136         0
   -2.5890   -2.5950   -1.1922   -1.8832    0.6273         0
   -2.5864   -2.5933   -1.1943   -1.9092    0.6394         0
   -2.5837   -2.5831   -1.2178   -1.8788    0.6269         0
   -2.5810   -2.5728   -1.2410   -1.8495    0.6186         0
   -2.5785   -2.5629   -1.2635   -1.8188    0.6119         0
   -2.5758   -2.5534   -1.2864   -1.7881    0.6063         0
   -2.5730   -2.5446   -1.3089   -1.7568    0.6005         0
   -2.5707   -2.5363   -1.3296   -1.7242    0.5953         0
   -2.5690   -2.5286   -1.3490   -1.6904    0.5906         0
   -2.5677   -2.5212   -1.3671   -1.6557    0.5866         0
   -2.5668   -2.5142   -1.3843   -1.6205    0.5829         0
   -2.5659   -2.5077   -1.4009   -1.5849    0.5794         0
   -2.5652   -2.5015   -1.4169   -1.5489    0.5759         0
   -2.5646   -2.4957   -1.4324   -1.5127    0.5725         0
   -2.5641   -2.4903   -1.4475   -1.4761    0.5695         0
   -2.5636   -2.4853   -1.4621   -1.4393    0.5667         0
   -2.5632   -2.4805   -1.4763   -1.4023    0.5642         0
   -2.5629   -2.4762   -1.4901   -1.3651    0.5619         0
   -2.5626   -2.4721   -1.5036   -1.3278    0.5598         0
   -2.5624   -2.4685   -1.5168   -1.2903    0.5580         0
   -2.5622   -2.4651   -1.5296   -1.2525    0.5564         0
   -2.5620   -2.4620   -1.5422   -1.2146    0.5550         0
   -2.5619   -2.4592   -1.5545   -1.1765    0.5539         0
   -2.5618   -2.4567   -1.5664   -1.1385    0.5529         0
   -2.5617   -2.4546   -1.5780   -1.1008    0.5522         0
   -2.5616   -2.4526   -1.5895   -1.0628    0.5516         0
   -2.5616   -2.4507   -1.6011   -1.0239    0.5513         0
   -2.5616   -2.4489   -1.6129   -0.9843    0.5513         0
   -2.5617   -2.4473   -1.6237   -0.9478    0.5513         0
   -2.5621   -2.4447   -1.6359   -0.9106    0.5520         0
   -2.5649   -2.4298   -1.6525   -0.9084    0.5586         0
   -2.5636   -2.4183   -1.6794   -0.8868    0.5448         0
   -2.5643   -2.4005   -1.7072   -0.8794    0.5452         0
   -2.5671   -2.3908   -1.7231   -0.8464    0.5570         0
   -2.5697   -2.3798   -1.7418   -0.8148    0.5671         0
   -2.5688   -2.3745   -1.7615   -0.7821    0.5590         0
   -2.5677   -2.3742   -1.7749   -0.7452    0.5518         0
   -2.5667   -2.3750   -1.7867   -0.7076    0.5451         0
   -2.5658   -2.3764   -1.7979   -0.6698    0.5387         0
   -2.5648   -2.3778   -1.8093   -0.6320    0.5323         0
   -2.5640   -2.3780   -1.8229   -0.5948    0.5266         0
   -2.5650   -2.3739   -1.8390   -0.5590    0.5311         0
   -2.5668   -2.3714   -1.8501   -0.5221    0.5414         0
   -2.5682   -2.3711   -1.8591   -0.4840    0.5495         0
   -2.5694   -2.3720   -1.8671   -0.4455    0.5563         0
   -2.5704   -2.3736   -1.8747   -0.4067    0.5625         0
   -2.5714   -2.3757   -1.8819   -0.3679    0.5684         0
   -2.5723   -2.3781   -1.8890   -0.3291    0.5743         0
   -2.5734   -2.3806   -1.8964   -0.2903    0.5806         0
   -2.5746   -2.3825   -1.9046   -0.2520    0.5875         0
   -2.5783   -2.3765   -1.9215   -0.2224    0.6046         0
   -2.5842   -2.3694   -1.9320   -0.1970    0.6321         0
   -2.5910   -2.3619   -1.9388   -0.1773    0.6647         0
   -2.5977   -2.3559   -1.9452   -0.1546    0.6956         0
   -2.6027   -2.3540   -1.9527   -0.1224    0.7173         0
   -2.6052   -2.3563   -1.9608   -0.0845    0.7263         0
   -2.6043   -2.3628   -1.9687   -0.0467    0.7191         0
   -2.6012   -2.3719   -1.9746   -0.0127    0.7014         0
   -2.5977   -2.3819   -1.9796    0.0202    0.6819         0
   -2.5950   -2.3915   -1.9851    0.0544    0.6645         0
   -2.5947   -2.3989   -1.9924    0.0919    0.6561         0
   -2.5970   -2.4031   -1.9995    0.1304    0.6626         0
   -2.6002   -2.4065   -2.0056    0.1675    0.6753         0
   -2.6037   -2.4099   -2.0109    0.2038    0.6904         0
   -2.6070   -2.4139   -2.0157    0.2400    0.7059         0
   -2.6101   -2.4188   -2.0201    0.2767    0.7202         0
   -2.6123   -2.4255   -2.0245    0.3147    0.7296         0
   -2.6132   -2.4345   -2.0287    0.3533    0.7312         0
   -2.6136   -2.4446   -2.0325    0.3918    0.7286         0
   -2.6152   -2.4537   -2.0372    0.4304    0.7287         0
   -2.6191   -2.4608   -2.0450    0.4683    0.7343         0
   -2.6231   -2.4690   -2.0555    0.5055    0.7321         0
   -2.6284   -2.4743   -2.0613    0.5408    0.7475         0
   -2.6372   -2.4714   -2.0686    0.5604    0.7794         0
   -2.6475   -2.4611   -2.0763    0.5577    0.8156         0
   -2.6578   -2.4490   -2.0828    0.5473    0.8502         0
   -2.6687   -2.4379   -2.0880    0.5398    0.8859         0
   -2.6801   -2.4315   -2.0926    0.5467    0.9222         0
   -2.6885   -2.4349   -2.0961    0.5754    0.9478         0
   -2.6927   -2.4444   -2.0979    0.6121    0.9594         0
   -2.6941   -2.4565   -2.0984    0.6501    0.9616         0
   -2.6939   -2.4699   -2.0977    0.6877    0.9583         0
   -2.6927   -2.4839   -2.0960    0.7246    0.9521         0
   -2.6911   -2.4983   -2.0936    0.7610    0.9445         0
   -2.6894   -2.5129   -2.0905    0.7973    0.9369         0
   -2.6883   -2.5277   -2.0872    0.8337    0.9306         0
   -2.6884   -2.5425   -2.0839    0.8706    0.9279         0
   -2.6904   -2.5562   -2.0809    0.9076    0.9330         0
   -2.6939   -2.5688   -2.0778    0.9435    0.9445         0
   -2.6978   -2.5808   -2.0743    0.9784    0.9589         0
   -2.7019   -2.5930   -2.0702    1.0129    0.9741         0
   -2.7058   -2.6058   -2.0655    1.0473    0.9887         0
   -2.7093   -2.6194   -2.0599    1.0820    1.0014         0
   -2.7124   -2.6352   -2.0541    1.1166    1.0110         0
   -2.7130   -2.6434   -2.0620    1.1045    0.9935         0
   -2.7118   -2.6370   -2.0729    1.0688    0.9808         0
   -2.7111   -2.6285   -2.0834    1.0318    0.9743         0
   -2.7115   -2.6186   -2.0937    0.9944    0.9738         0
   -2.7131   -2.6079   -2.1037    0.9576    0.9794         0
   -2.7168   -2.5967   -2.1133    0.9234    0.9936         0
   -2.7225   -2.5859   -2.1220    0.8943    1.0165         0
   -2.7299   -2.5763   -2.1295    0.8711    1.0459         0
   -2.7386   -2.5682   -2.1355    0.8539    1.0796         0
   -2.7482   -2.5620   -2.1401    0.8430    1.1160         0
   -2.7588   -2.5584   -2.1429    0.8400    1.1542         0
   -2.7697   -2.5564   -2.1445    0.8412    1.1927         0
   -2.7807   -2.5566   -2.1444    0.8483    1.2304         0
   -2.7918   -2.5595   -2.1426    0.8624    1.2661         0
   -2.8025   -2.5651   -2.1391    0.8835    1.2975         0
   -2.8122   -2.5739   -2.1333    0.9132    1.3205         0
   -2.8237   -2.5833   -2.1266    0.9446    1.3368         0
   -2.8342   -2.5727   -2.1323    0.9118    1.3527         0
   -2.8419   -2.5615   -2.1379    0.8771    1.3669         0
   -2.8572   -2.5638   -2.1346    0.8852    1.3928         0
   -2.8669   -2.5735   -2.1274    0.9157    1.4126         0
   -2.8771   -2.5822   -2.1198    0.9430    1.4374         0
   -2.8895   -2.5883   -2.1128    0.9615    1.4692         0
   -2.9048   -2.5874   -2.1096    0.9557    1.5038         0
   -2.9153   -2.5779   -2.1130    0.9227    1.5206         0
   -2.9260   -2.5696   -2.1150    0.8933    1.5435         0
   -2.9380   -2.5652   -2.1138    0.8749    1.5764         0
   -2.9499   -2.5636   -2.1108    0.8639    1.6131         0
   -2.9615   -2.5634   -2.1068    0.8561    1.6496         0
   -2.9754   -2.5663   -2.1003    0.8544    1.6852         0
   -2.9784   -2.5772   -2.0936    0.8849    1.6677         0
   -2.9754   -2.5842   -2.0908    0.9085    1.6362         0
   -2.9874   -2.5903   -2.0814    0.9227    1.6538         0
   -2.9987   -2.5891   -2.0768    0.9129    1.6909         0
   -3.0088   -2.5876   -2.0730    0.9010    1.7264         0
   -3.0187   -2.5857   -2.0692    0.8868    1.7631         0
   -3.0281   -2.5837   -2.0655    0.8716    1.7986         0
   -3.0373   -2.5812   -2.0620    0.8534    1.8328         0
   -3.0462   -2.5779   -2.0587    0.8318    1.8654         0
   -3.0545   -2.5742   -2.0559    0.8086    1.8944         0
   -3.0632   -2.5673   -2.0540    0.7734    1.9161         0
   -3.0609   -2.5636   -2.0569    0.7656    1.8805         0
   -3.0558   -2.5660   -2.0586    0.7804    1.8452         0
   -3.0520   -2.5722   -2.0574    0.8050    1.8144         0
   -3.0514   -2.5828   -2.0518    0.8394    1.7965         0
   -3.0608   -2.5928   -2.0402    0.8620    1.8219         0
   -3.0709   -2.5955   -2.0321    0.8599    1.8603         0
   -3.0803   -2.5973   -2.0248    0.8540    1.8979         0
   -3.0893   -2.5989   -2.0176    0.8463    1.9354         0
   -3.0982   -2.6001   -2.0105    0.8362    1.9736         0
   -3.1067   -2.6014   -2.0033    0.8261    2.0093         0
   -3.1148   -2.6032   -1.9957    0.8166    2.0431         0
   -3.1250   -2.6052   -1.9861    0.8012    2.0877         0
   -3.1302   -2.6145   -1.9752    0.8213    2.0855         0
   -3.1254   -2.6170   -1.9770    0.8402    2.0509         0
   -3.1199   -2.6175   -1.9805    0.8538    2.0141         0
   -3.1142   -2.6188   -1.9834    0.8684    1.9772         0
   -3.1082   -2.6189   -1.9871    0.8790    1.9391         0
   -3.1093   -2.6121   -1.9885    0.8608    1.9154         0
   -3.1193   -2.6083   -1.9831    0.8353    1.9534         0
   -3.1271   -2.6057   -1.9784    0.8151    1.9836         0
   -3.1350   -2.6035   -1.9732    0.7940    2.0166         0
   -3.1432   -2.6026   -1.9667    0.7754    2.0482         0
   -3.1519   -2.6011   -1.9598    0.7519    2.0841         0
   -3.1609   -2.6112   -1.9437    0.7677    2.0793         0
   -3.1682   -2.6065   -1.9397    0.7354    2.1042         0
   -3.1752   -2.6030   -1.9350    0.7066    2.1265         0
   -3.1811   -2.5984   -1.9319    0.6750    2.1506         0
   -3.1865   -2.5945   -1.9287    0.6455    2.1739         0
   -3.1919   -2.5910   -1.9247    0.6159    2.1957         0
   -3.1967   -2.5832   -1.9242    0.5712    2.2226         0
   -3.2037   -2.5926   -1.9086    0.5825    2.2249         0
   -3.2008   -2.5997   -1.9073    0.6191    2.2081         0
   -3.2019   -2.6109   -1.8982    0.6565    2.2051         0
   -3.2078   -2.6223   -1.8832    0.6789    2.2314         0
   -3.2146   -2.6304   -1.8689    0.6845    2.2667         0
   -3.2215   -2.6373   -1.8549    0.6839    2.3028         0
   -3.2285   -2.6467   -1.8376    0.6914    2.3333         0
   -3.2287   -2.6544   -1.8290    0.7207    2.3113         0
   -3.2314   -2.6493   -1.8270    0.6969    2.2991         0
   -3.2368   -2.6473   -1.8215    0.6684    2.3257         0
   -3.2425   -2.6476   -1.8131    0.6452    2.3566         0
   -3.2484   -2.6543   -1.7982    0.6437    2.3925         0
   -3.2496   -2.6639   -1.7857    0.6768    2.4084         0
   -3.2468   -2.6695   -1.7816    0.7152    2.4041         0
   -3.2422   -2.6723   -1.7829    0.7507    2.3865         0
   -3.2368   -2.6738   -1.7856    0.7845    2.3670         0
   -3.2340   -2.6618   -1.7868    0.7796    2.3731         0
   -3.2371   -2.6533   -1.7850    0.7455    2.3925         0
   -3.2409   -2.6470   -1.7811    0.7115    2.4118         0
   -3.2455   -2.6423   -1.7742    0.6776    2.4307         0
   -3.2499   -2.6367   -1.7675    0.6409    2.4430         0
   -3.2535   -2.6310   -1.7633    0.6040    2.4563         0
   -3.2568   -2.6253   -1.7590    0.5671    2.4695         0
   -3.2596   -2.6190   -1.7548    0.5296    2.4808         0
   -3.2615   -2.6109   -1.7521    0.4912    2.4877         0
   -3.2622   -2.6009   -1.7519    0.4525    2.4899         0
   -3.2620   -2.5896   -1.7534    0.4142    2.4888         0
   -3.2615   -2.5784   -1.7553    0.3759    2.4866         0
   -3.2613   -2.5678   -1.7564    0.3374    2.4848         0
   -3.2613   -2.5582   -1.7567    0.2986    2.4842         0
   -3.2616   -2.5494   -1.7560    0.2596    2.4843         0
   -3.2620   -2.5413   -1.7544    0.2204    2.4847         0
   -3.2626   -2.5338   -1.7518    0.1813    2.4852         0
   -3.2633   -2.5267   -1.7483    0.1420    2.4854         0
   -3.2637   -2.5197   -1.7443    0.1029    2.4840         0
   -3.2636   -2.5122   -1.7403    0.0641    2.4794         0
   -3.2628   -2.5039   -1.7370    0.0260    2.4711         0
   -3.2614   -2.4950   -1.7341   -0.0113    2.4603         0
   -3.2596   -2.4860   -1.7311   -0.0481    2.4479         0
   -3.2579   -2.4777   -1.7268   -0.0849    2.4355         0
   -3.2571   -2.4716   -1.7196   -0.1228    2.4270         0
   -3.2578   -2.4684   -1.7097   -0.1614    2.4256         0
   -3.2587   -2.4660   -1.6992   -0.1999    2.4269         0
   -3.2583   -2.4620   -1.6897   -0.2383    2.4232         0
   -3.2565   -2.4564   -1.6810   -0.2754    2.4127         0
   -3.2534   -2.4497   -1.6731   -0.3102    2.3963         0
   -3.2494   -2.4423   -1.6659   -0.3422    2.3750         0
   -3.2453   -2.4350   -1.6595   -0.3746    2.3539         0
   -3.2418   -2.4288   -1.6521   -0.4087    2.3359         0
   -3.2394   -2.4245   -1.6427   -0.4450    2.3228         0
   -3.2383   -2.4223   -1.6317   -0.4827    2.3160         0
   -3.2380   -2.4218   -1.6192   -0.5207    2.3138         0
   -3.2375   -2.4219   -1.6054   -0.5581    2.3112         0
   -3.2329   -2.4196   -1.5913   -0.5903    2.2949         0
   -3.2257   -2.4144   -1.5802   -0.6174    2.2693         0
   -3.2204   -2.4102   -1.5701   -0.6489    2.2479         0
   -3.2152   -2.4062   -1.5608   -0.6802    2.2258         0
   -3.2090   -2.4013   -1.5530   -0.7083    2.1996         0
   -3.2007   -2.3946   -1.5500   -0.7253    2.1655         0
   -3.1915   -2.3869   -1.5521   -0.7288    2.1275         0
   -3.1821   -2.3803   -1.5514   -0.7371    2.0904         0
   -3.1748   -2.3774   -1.5423   -0.7624    2.0622         0
   -3.1682   -2.3758   -1.5314   -0.7907    2.0370         0
   -3.1588   -2.3716   -1.5269   -0.8053    2.0022         0
   -3.1483   -2.3654   -1.5314   -0.7997    1.9649         0
   -3.1377   -2.3589   -1.5381   -0.7894    1.9289         0
   -3.1268   -2.3516   -1.5475   -0.7775    1.8944         0
   -3.1164   -2.3426   -1.5620   -0.7611    1.8639         0
   -3.1055   -2.3330   -1.5785   -0.7435    1.8356         0
   -3.0927   -2.3247   -1.5894   -0.7377    1.8011         0
   -3.0804   -2.3199   -1.5908   -0.7458    1.7645         0
   -3.0711   -2.3208   -1.5794   -0.7702    1.7373         0
   -3.0655   -2.3263   -1.5599   -0.8001    1.7211         0
   -3.0539   -2.3306   -1.5437   -0.8216    1.6963         0
   -3.0368   -2.3236   -1.5529   -0.8211    1.6640         0
   -3.0363   -2.3120   -1.5794   -0.7972    1.6636         0
   -3.0494   -2.3110   -1.5890   -0.7776    1.6942         0
   -3.0598   -2.3100   -1.6010   -0.7501    1.7178         0
   -3.0624   -2.3028   -1.6232   -0.7200    1.7282         0
   -3.0549   -2.2901   -1.6510   -0.6971    1.7213         0
   -3.0599   -2.2857   -1.6696   -0.6664    1.7351         0
   -3.0738   -2.2927   -1.6633   -0.6605    1.7608         0
   -3.0845   -2.3016   -1.6464   -0.6756    1.7896         0
   -3.0956   -2.3077   -1.6439   -0.6631    1.8247         0
   -3.1040   -2.3103   -1.6517   -0.6359    1.8514         0
   -3.1099   -2.3110   -1.6638   -0.6042    1.8716         0
   -3.1147   -2.3108   -1.6781   -0.5708    1.8877         0
   -3.1217   -2.3113   -1.6932   -0.5385    1.9036         0
   -3.1333   -2.3168   -1.6968   -0.5218    1.9370         0
   -3.1432   -2.3229   -1.6975   -0.5092    1.9731         0
   -3.1522   -2.3290   -1.6996   -0.4925    2.0078         0
   -3.1602   -2.3349   -1.7042   -0.4692    2.0382         0
   -3.1674   -2.3408   -1.7103   -0.4413    2.0647         0
   -3.1747   -2.3474   -1.7167   -0.4114    2.0884         0
   -3.1847   -2.3574   -1.7169   -0.3894    2.1164         0
   -3.1886   -2.3635   -1.6984   -0.4151    2.1251         0
   -3.1841   -2.3607   -1.6861   -0.4465    2.1042         0
   -3.1788   -2.3569   -1.6761   -0.4771    2.0815         0
   -3.1727   -2.3527   -1.6669   -0.5072    2.0579         0
   -3.1647   -2.3478   -1.6580   -0.5366    2.0341         0
   -3.1541   -2.3412   -1.6539   -0.5561    2.0020         0
   -3.1439   -2.3348   -1.6528   -0.5695    1.9663         0
   -3.1346   -2.3297   -1.6501   -0.5856    1.9314         0
   -3.1272   -2.3268   -1.6418   -0.6119    1.9038         0
   -3.1231   -2.3270   -1.6283   -0.6457    1.8881         0
   -3.1227   -2.3306   -1.6107   -0.6811    1.8848         0
   -3.1280   -2.3381   -1.5915   -0.7108    1.8998         0
   -3.1388   -2.3466   -1.5816   -0.7161    1.9341         0
   -3.1481   -2.3511   -1.5860   -0.6961    1.9667         0
   -3.1549   -2.3535   -1.5954   -0.6679    1.9924         0
   -3.1616   -2.3561   -1.6053   -0.6385    2.0166         0
   -3.1710   -2.3614   -1.6111   -0.6163    2.0468         0
   -3.1812   -2.3688   -1.6091   -0.6124    2.0845         0
   -3.1904   -2.3761   -1.6061   -0.6111    2.1226         0
   -3.1990   -2.3835   -1.6039   -0.6072    2.1607         0
   -3.2073   -2.3910   -1.6038   -0.5978    2.1979         0
   -3.2149   -2.3975   -1.6088   -0.5786    2.2308         0
   -3.2188   -2.3994   -1.6222   -0.5454    2.2467         0
   -3.2188   -2.3981   -1.6376   -0.5085    2.2471         0
   -3.2180   -2.3966   -1.6523   -0.4715    2.2437         0
   -3.2177   -2.3959   -1.6669   -0.4343    2.2423         0
   -3.2190   -2.3972   -1.6807   -0.3975    2.2488         0
   -3.2227   -2.4018   -1.6913   -0.3638    2.2665         0
   -3.2272   -2.4083   -1.6988   -0.3322    2.2884         0
   -3.2316   -2.4154   -1.7057   -0.3003    2.3100         0
   -3.2353   -2.4222   -1.7133   -0.2671    2.3294         0
   -3.2381   -2.4283   -1.7220   -0.2322    2.3456         0
   -3.2404   -2.4344   -1.7304   -0.1963    2.3598         0
   -3.2427   -2.4413   -1.7376   -0.1603    2.3739         0
   -3.2449   -2.4489   -1.7437   -0.1241    2.3876         0
   -3.2468   -2.4566   -1.7491   -0.0871    2.3994         0
   -3.2483   -2.4643   -1.7541   -0.0495    2.4093         0
   -3.2492   -2.4719   -1.7591   -0.0114    2.4174         0
   -3.2498   -2.4792   -1.7640    0.0270    2.4242         0
   -3.2499   -2.4863   -1.7688    0.0658    2.4290         0
   -3.2497   -2.4933   -1.7732    0.1048    2.4317         0
   -3.2492   -2.5003   -1.7771    0.1440    2.4330         0
   -3.2487   -2.5078   -1.7802    0.1832    2.4334         0
   -3.2484   -2.5159   -1.7823    0.2223    2.4338         0
   -3.2485   -2.5251   -1.7830    0.2611    2.4358         0
   -3.2490   -2.5352   -1.7827    0.2997    2.4392         0
   -3.2497   -2.5460   -1.7816    0.3379    2.4434         0
   -3.2503   -2.5571   -1.7801    0.3761    2.4474         0
   -3.2507   -2.5681   -1.7789    0.4145    2.4502         0
   -3.2505   -2.5787   -1.7785    0.4530    2.4508         0
   -3.2495   -2.5882   -1.7792    0.4917    2.4480         0
   -3.2477   -2.5965   -1.7811    0.5302    2.4412         0
   -3.2450   -2.6034   -1.7845    0.5678    2.4305         0
   -3.2411   -2.6086   -1.7899    0.6040    2.4156         0
   -3.2358   -2.6113   -1.7986    0.6380    2.3975         0
   -3.2295   -2.6119   -1.8086    0.6686    2.3746         0
   -3.2235   -2.6134   -1.8167    0.6992    2.3509         0
   -3.2184   -2.6173   -1.8221    0.7315    2.3290         0
   -3.2140   -2.6242   -1.8256    0.7661    2.3111         0
   -3.2120   -2.6373   -1.8255    0.8033    2.3062         0
   -3.2119   -2.6554   -1.8232    0.8388    2.3069         0
   -3.2083   -2.6660   -1.8381    0.8474    2.2871         0
   -3.2007   -2.6565   -1.8607    0.8293    2.2712         0
   -3.1927   -2.6540   -1.8714    0.8469    2.2370         0
   -3.1855   -2.6536   -1.8788    0.8668    2.2046         0
   -3.1781   -2.6534   -1.8858    0.8873    2.1712         0
   -3.1698   -2.6536   -1.8933    0.9086    2.1399         0
   -3.1581   -2.6528   -1.9052    0.9308    2.1153         0
   -3.1472   -2.6517   -1.9179    0.9464    2.0988         0
   -3.1383   -2.6537   -1.9249    0.9680    2.0687         0
   -3.1304   -2.6560   -1.9302    0.9877    2.0359         0
   -3.1200   -2.6604   -1.9370    1.0126    2.0060         0
   -3.1223   -2.6607   -1.9370    1.0050    2.0445         0
   -3.1240   -2.6561   -1.9394    0.9878    2.0799         0
   -3.1126   -2.6492   -1.9526    0.9925    2.0515         0
   -3.1042   -2.6481   -1.9592    1.0049    2.0184         0
   -3.0949   -2.6478   -1.9659    1.0197    1.9821         0
   -3.0858   -2.6483   -1.9716    1.0350    1.9470         0
   -3.0761   -2.6497   -1.9773    1.0510    1.9110         0
   -3.0670   -2.6513   -1.9822    1.0655    1.8781         0
   -3.0554   -2.6523   -1.9921    1.0718    1.8587         0
   -3.0506   -2.6434   -2.0026    1.0499    1.8780         0
   -3.0384   -2.6394   -2.0113    1.0552    1.8415         0
   -3.0276   -2.6373   -2.0179    1.0626    1.8042         0
   -3.0170   -2.6365   -2.0233    1.0714    1.7671         0
   -3.0062   -2.6366   -2.0282    1.0810    1.7302         0
   -2.9946   -2.6376   -2.0331    1.0908    1.6932         0
   -2.9815   -2.6391   -2.0393    1.0984    1.6565         0
   -2.9722   -2.6315   -2.0539    1.0686    1.6528         0
   -2.9641   -2.6200   -2.0670    1.0357    1.6446         0
   -2.9516   -2.6142   -2.0756    1.0255    1.6101         0
   -2.9391   -2.6131   -2.0799    1.0292    1.5724         0
   -2.9263   -2.6151   -2.0812    1.0428    1.5372         0
   -2.9128   -2.6198   -2.0789    1.0670    1.5094         0
   -2.8958   -2.6211   -2.0797    1.0813    1.4777         0
   -2.8811   -2.6198   -2.0839    1.0800    1.4408         0
   -2.8671   -2.6184   -2.0883    1.0755    1.4039         0
   -2.8514   -2.6177   -2.0919    1.0718    1.3675         0
   -2.8347   -2.6207   -2.0886    1.0877    1.3364         0
   -2.8182   -2.6210   -2.0810    1.1094    1.3099         0
   -2.8035   -2.6204   -2.0828    1.1045    1.2729         0
   -2.7989   -2.6198   -2.0930    1.0777    1.2647         0
   -2.7971   -2.6130   -2.1045    1.0410    1.2645         0
   -2.7906   -2.6044   -2.1130    1.0073    1.2475         0
   -2.7820   -2.5975   -2.1189    0.9803    1.2211         0
   -2.7716   -2.5942   -2.1213    0.9638    1.1860         0
   -2.7609   -2.5953   -2.1201    0.9611    1.1477         0
   -2.7512   -2.6004   -2.1152    0.9718    1.1109         0
   -2.7432   -2.6076   -2.1078    0.9915    1.0787         0
   -2.7392   -2.6164   -2.0975    1.0237    1.0600         0
   -2.7400   -2.6237   -2.0863    1.0611    1.0595         0
   -2.7397   -2.6258   -2.0725    1.0973    1.0610         0
   -2.7308   -2.6102   -2.0682    1.0814    1.0500         0
   -2.7300   -2.5937   -2.0746    1.0455    1.0508         0
   -2.7298   -2.5776   -2.0808    1.0094    1.0518         0
   -2.7291   -2.5622   -2.0862    0.9729    1.0507         0
   -2.7273   -2.5477   -2.0909    0.9363    1.0454         0
   -2.7244   -2.5344   -2.0946    0.9001    1.0360         0
   -2.7202   -2.5225   -2.0973    0.8649    1.0222         0
   -2.7157   -2.5112   -2.0993    0.8298    1.0075         0
   -2.7131   -2.4985   -2.1014    0.7929    0.9997         0
   -2.7131   -2.4846   -2.1037    0.7555    1.0003         0
   -2.7145   -2.4704   -2.1058    0.7186    1.0059         0
   -2.7163   -2.4562   -2.1074    0.6819    1.0132         0
   -2.7179   -2.4424   -2.1081    0.6451    1.0202         0
   -2.7188   -2.4290   -2.1076    0.6079    1.0263         0
   -2.7187   -2.4160   -2.1055    0.5704    1.0302         0
   -2.7170   -2.4041   -2.1024    0.5324    1.0288         0
   -2.7148   -2.3932   -2.0996    0.4944    1.0239         0
   -2.7132   -2.3826   -2.0971    0.4562    1.0193         0
   -2.7124   -2.3718   -2.0944    0.4179    1.0170         0
   -2.7126   -2.3609   -2.0916    0.3795    1.0175         0
   -2.7136   -2.3501   -2.0885    0.3412    1.0205         0
   -2.7150   -2.3393   -2.0849    0.3032    1.0254         0
   -2.7169   -2.3289   -2.0804    0.2655    1.0318         0
   -2.7190   -2.3188   -2.0749    0.2280    1.0398         0
   -2.7210   -2.3095   -2.0672    0.1912    1.0494         0
   -2.7202   -2.3025   -2.0546    0.1547    1.0543         0
   -2.7181   -2.2959   -2.0459    0.1164    1.0514         0
   -2.7180   -2.2885   -2.0385    0.0778    1.0530         0
   -2.7196   -2.2807   -2.0315    0.0398    1.0595         0
   -2.7224   -2.2729   -2.0247    0.0026    1.0698         0
   -2.7261   -2.2653   -2.0177   -0.0333    1.0834         0
   -2.7305   -2.2581   -2.0100   -0.0681    1.0996         0
   -2.7354   -2.2515   -2.0015   -0.1018    1.1176         0
   -2.7405   -2.2459   -1.9915   -0.1344    1.1371         0
   -2.7457   -2.2420   -1.9779   -0.1658    1.1567         0
   -2.7475   -2.2390   -1.9641   -0.2021    1.1653         0
   -2.7476   -2.2362   -1.9516   -0.2398    1.1687         0
   -2.7476   -2.2339   -1.9391   -0.2776    1.1721         0
   -2.7491   -2.2320   -1.9255   -0.3142    1.1800         0
   -2.7531   -2.2301   -1.9118   -0.3484    1.1949         0
   -2.7586   -2.2281   -1.8987   -0.3807    1.2137         0
   -2.7643   -2.2265   -1.8856   -0.4126    1.2330         0
   -2.7696   -2.2259   -1.8710   -0.4451    1.2504         0
   -2.7741   -2.2275   -1.8531   -0.4774    1.2648         0
   -2.7788   -2.2326   -1.8296   -0.5062    1.2778         0
   -2.7855   -2.2353   -1.8107   -0.5356    1.2957         0
   -2.7934   -2.2362   -1.7962   -0.5627    1.3199         0
   -2.8020   -2.2364   -1.7840   -0.5880    1.3471         0
   -2.8116   -2.2362   -1.7735   -0.6117    1.3760         0
   -2.8245   -2.2349   -1.7673   -0.6279    1.4093         0
   -2.8460   -2.2340   -1.7607   -0.6384    1.4392         0
   -2.8602   -2.2362   -1.7483   -0.6571    1.4689         0
   -2.8711   -2.2394   -1.7345   -0.6791    1.4970         0
   -2.8815   -2.2460   -1.7147   -0.7038    1.5178         0
   -2.8879   -2.2573   -1.6871   -0.7283    1.5251         0
   -2.8956   -2.2678   -1.6615   -0.7527    1.5373         0
   -2.9075   -2.2777   -1.6379   -0.7741    1.5557         0
   -2.9022   -2.2887   -1.6143   -0.7905    1.5514         0
   -2.8858   -2.2809   -1.6335   -0.7725    1.5275         0
   -2.8754   -2.2690   -1.6611   -0.7513    1.5172         0
   -2.8693   -2.2588   -1.6869   -0.7255    1.5065         0
   -2.8594   -2.2525   -1.7060   -0.7018    1.4835         0
   -2.8472   -2.2501   -1.7181   -0.6816    1.4539         0
   -2.8307   -2.2572   -1.7089   -0.6809    1.4292         0
   -2.8294   -2.2670   -1.6831   -0.7095    1.4323         0
   -2.8191   -2.2752   -1.6635   -0.7361    1.4162         0
   -2.8084   -2.2794   -1.6529   -0.7589    1.3874         0
   -2.7976   -2.2820   -1.6470   -0.7778    1.3545         0
   -2.7834   -2.2838   -1.6470   -0.7881    1.3192         0
   -2.7681   -2.2827   -1.6603   -0.7726    1.2890         0
   -2.7549   -2.2835   -1.6655   -0.7748    1.2522         0
   -2.7439   -2.2863   -1.6630   -0.7914    1.2179         0
   -2.7319   -2.2903   -1.6587   -0.8125    1.1866         0
   -2.7160   -2.2936   -1.6641   -0.8155    1.1526         0
   -2.7065   -2.2935   -1.6775   -0.7939    1.1235         0
   -2.6997   -2.2931   -1.6915   -0.7660    1.0994         0
   -2.6932   -2.2933   -1.7048   -0.7379    1.0750         0
   -2.6851   -2.2948   -1.7162   -0.7160    1.0448         0
   -2.6750   -2.2988   -1.7216   -0.7107    1.0075         0
   -2.6650   -2.3041   -1.7213   -0.7198    0.9702         0
   -2.6550   -2.3095   -1.7237   -0.7234    0.9323         0
   -2.6452   -2.3144   -1.7300   -0.7179    0.8947         0
   -2.6359   -2.3200   -1.7314   -0.7269    0.8579         0
   -2.6292   -2.3254   -1.7256   -0.7530    0.8294         0
   -2.6239   -2.3305   -1.7174   -0.7834    0.8059         0
   -2.6192   -2.3357   -1.7084   -0.8149    0.7840         0
   -2.6146   -2.3413   -1.6994   -0.8463    0.7621         0
   -2.6092   -2.3480   -1.6909   -0.8759    0.7381         0
   -2.6010   -2.3556   -1.6918   -0.8865    0.7034         0
   -2.5953   -2.3566   -1.7080   -0.8608    0.6790         0
   -2.5938   -2.3524   -1.7264   -0.8264    0.6732         0
   -2.5954   -2.3472   -1.7407   -0.7907    0.6823         0
   -2.5980   -2.3430   -1.7520   -0.7552    0.6961         0
   -2.6005   -2.3396   -1.7622   -0.7195    0.7103         0
   -2.6030   -2.3368   -1.7722   -0.6836    0.7245         0
   -2.6054   -2.3340   -1.7829   -0.6476    0.7377         0
   -2.6076   -2.3308   -1.7951   -0.6118    0.7503         0
   -2.6110   -2.3242   -1.8107   -0.5807    0.7674         0
   -2.6179   -2.3130   -1.8244   -0.5629    0.7975         0
   -2.6224   -2.3087   -1.8354   -0.5301    0.8165         0
   -2.6259   -2.3064   -1.8456   -0.4948    0.8317         0
   -2.6293   -2.3046   -1.8557   -0.4588    0.8454         0
   -2.6332   -2.3025   -1.8664   -0.4232    0.8594         0
   -2.6399   -2.2967   -1.8789   -0.3931    0.8801         0
   -2.6486   -2.2893   -1.8888   -0.3720    0.9105         0
   -2.6568   -2.2837   -1.8971   -0.3503    0.9415         0
   -2.6650   -2.2778   -1.9081   -0.3269    0.9702         0
   -2.6680   -2.2759   -1.9241   -0.2920    0.9746         0
   -2.6663   -2.2788   -1.9369   -0.2558    0.9640         0
   -2.6637   -2.2829   -1.9486   -0.2201    0.9512         0
   -2.6614   -2.2875   -1.9598   -0.1840    0.9393         0
   -2.6596   -2.2926   -1.9702   -0.1468    0.9302         0
   -2.6585   -2.2979   -1.9796   -0.1088    0.9245         0
   -2.6580   -2.3037   -1.9879   -0.0702    0.9214         0
   -2.6578   -2.3098   -1.9954   -0.0314    0.9197         0
   -2.6579   -2.3161   -2.0024    0.0074    0.9193         0
   -2.6587   -2.3224   -2.0093    0.0464    0.9208         0
   -2.6615   -2.3273   -2.0170    0.0850    0.9273         0
   -2.6714   -2.3178   -2.0182    0.0733    0.9558         0
   -2.6766   -2.3084   -2.0121    0.0400    0.9726         0
   -2.6793   -2.3003   -2.0050    0.0028    0.9819         0
   -2.6811   -2.2930   -1.9978   -0.0353    0.9886         0
   -2.6827   -2.2862   -1.9905   -0.0735    0.9947         0
   -2.6843   -2.2797   -1.9829   -0.1116    1.0013         0
   -2.6862   -2.2736   -1.9750   -0.1495    1.0094         0
   -2.6886   -2.2679   -1.9663   -0.1866    1.0197         0
   -2.6917   -2.2627   -1.9566   -0.2227    1.0326         0
   -2.6956   -2.2581   -1.9457   -0.2572    1.0485         0
   -2.7004   -2.2545   -1.9329   -0.2896    1.0671         0
   -2.7053   -2.2526   -1.9167   -0.3219    1.0835         0
   -2.7057   -2.2541   -1.8978   -0.3562    1.0851         0
   -2.6990   -2.2590   -1.8815   -0.3870    1.0673         0
   -2.6982   -2.2610   -1.8642   -0.4224    1.0668         0
   -2.7035   -2.2597   -1.8486   -0.4555    1.0818         0
   -2.7115   -2.2573   -1.8358   -0.4825    1.1068         0
   -2.7205   -2.2548   -1.8249   -0.5036    1.1376         0
   -2.7302   -2.2528   -1.8152   -0.5203    1.1712         0
   -2.7406   -2.2516   -1.8056   -0.5324    1.2065         0
   -2.7512   -2.2526   -1.7913   -0.5477    1.2384         0
   -2.7483   -2.2580   -1.7747   -0.5715    1.2361         0
   -2.7364   -2.2609   -1.7810   -0.5589    1.2004         0
   -2.7258   -2.2636   -1.7874   -0.5480    1.1641         0
   -2.7150   -2.2665   -1.7937   -0.5392    1.1272         0
   -2.7037   -2.2697   -1.8026   -0.5259    1.0926         0
   -2.6931   -2.2721   -1.8163   -0.5036    1.0646         0
   -2.6842   -2.2738   -1.8319   -0.4781    1.0397         0
   -2.6737   -2.2773   -1.8429   -0.4636    1.0063         0
   -2.6629   -2.2829   -1.8461   -0.4621    0.9684         0
   -2.6530   -2.2895   -1.8434   -0.4710    0.9316         0
   -2.6457   -2.2949   -1.8350   -0.4950    0.9024         0
   -2.6418   -2.2983   -1.8232   -0.5282    0.8843         0
   -2.6412   -2.3004   -1.8079   -0.5645    0.8792         0
   -2.6451   -2.3005   -1.7911   -0.5977    0.8925         0
   -2.6526   -2.2982   -1.7776   -0.6199    0.9215         0
   -2.6618   -2.2941   -1.7697   -0.6300    0.9580         0
   -2.6717   -2.2894   -1.7659   -0.6301    0.9962         0
   -2.6824   -2.2847   -1.7638   -0.6258    1.0342         0
   -2.6942   -2.2804   -1.7581   -0.6301    1.0710         0
   -2.7035   -2.2782   -1.7460   -0.6542    1.0988         0
   -2.7109   -2.2774   -1.7326   -0.6825    1.1225         0
   -2.7189   -2.2769   -1.7196   -0.7089    1.1483         0
   -2.7296   -2.2751   -1.7100   -0.7251    1.1815         0
   -2.7416   -2.2725   -1.7074   -0.7215    1.2191         0
   -2.7547   -2.2707   -1.7044   -0.7154    1.2560         0
   -2.7690   -2.2707   -1.6920   -0.7320    1.2861         0
   -2.7831   -2.2697   -1.6845   -0.7409    1.3198         0
   -2.7942   -2.2673   -1.6885   -0.7254    1.3545         0
   -2.8028   -2.2640   -1.6982   -0.7008    1.3828         0
   -2.8074   -2.2582   -1.7165   -0.6693    1.3949         0
   -2.8023   -2.2528   -1.7363   -0.6419    1.3757         0
   -2.7947   -2.2503   -1.7513   -0.6171    1.3493         0
   -2.7866   -2.2490   -1.7647   -0.5923    1.3222         0
   -2.7779   -2.2482   -1.7784   -0.5672    1.2957         0
   -2.7686   -2.2464   -1.7955   -0.5411    1.2726         0
   -2.7608   -2.2416   -1.8190   -0.5138    1.2586         0
   -2.7575   -2.2388   -1.8383   -0.4811    1.2469         0
   -2.7532   -2.2372   -1.8555   -0.4506    1.2283         0
   -2.7471   -2.2371   -1.8706   -0.4229    1.2046         0
   -2.7404   -2.2383   -1.8840   -0.3951    1.1801         0
   -2.7336   -2.2403   -1.8972   -0.3662    1.1568         0
   -2.7281   -2.2416   -1.9126   -0.3352    1.1377         0
   -2.7268   -2.2410   -1.9311   -0.3006    1.1321         0
   -2.7281   -2.2418   -1.9453   -0.2634    1.1350         0
   -2.7285   -2.2446   -1.9567   -0.2252    1.1350         0
   -2.7278   -2.2485   -1.9672   -0.1869    1.1315         0
   -2.7258   -2.2534   -1.9769   -0.1493    1.1237         0
   -2.7224   -2.2593   -1.9857   -0.1129    1.1114         0
   -2.7179   -2.2660   -1.9936   -0.0780    1.0953         0
   -2.7126   -2.2733   -2.0009   -0.0448    1.0764         0
   -2.7067   -2.2812   -2.0079   -0.0125    1.0561         0
   -2.7008   -2.2893   -2.0152    0.0191    1.0349         0
   -2.6949   -2.2974   -2.0241    0.0498    1.0131         0
   -2.6915   -2.3053   -2.0337    0.0847    0.9987         0
   -2.6904   -2.3132   -2.0416    0.1224    0.9919         0
   -2.6907   -2.3209   -2.0489    0.1609    0.9888         0
   -2.6924   -2.3281   -2.0572    0.1993    0.9870         0
   -2.6928   -2.3363   -2.0661    0.2366    0.9801         0
   -2.6891   -2.3470   -2.0716    0.2713    0.9648         0
   -2.6832   -2.3590   -2.0744    0.3031    0.9448         0
   -2.6758   -2.3717   -2.0750    0.3314    0.9207         0
   -2.6666   -2.3846   -2.0733    0.3539    0.8918         0
   -2.6557   -2.3974   -2.0681    0.3684    0.8589         0
   -2.6445   -2.4046   -2.0558    0.3607    0.8319         0
   -2.6420   -2.3967   -2.0497    0.3223    0.8287         0
   -2.6412   -2.3876   -2.0446    0.2838    0.8310         0
   -2.6412   -2.3786   -2.0375    0.2467    0.8403         0
   -2.6390   -2.3721   -2.0282    0.2093    0.8427         0
   -2.6350   -2.3678   -2.0215    0.1727    0.8292         0
   -2.6309   -2.3641   -2.0157    0.1369    0.8132         0
   -2.6273   -2.3604   -2.0102    0.1009    0.7976         0
   -2.6243   -2.3562   -2.0047    0.0639    0.7845         0
   -2.6224   -2.3511   -1.9988    0.0255    0.7764         0
   -2.6220   -2.3448   -1.9925   -0.0135    0.7756         0
   -2.6231   -2.3376   -1.9856   -0.0517    0.7817         0
   -2.6254   -2.3301   -1.9780   -0.0882    0.7937         0
   -2.6285   -2.3230   -1.9687   -0.1226    0.8103         0
   -2.6314   -2.3171   -1.9575   -0.1564    0.8271         0
   -2.6332   -2.3124   -1.9462   -0.1925    0.8389         0
   -2.6331   -2.3093   -1.9347   -0.2305    0.8420         0
   -2.6291   -2.3103   -1.9237   -0.2659    0.8286         0
   -2.6208   -2.3175   -1.9158   -0.2850    0.7970         0
   -2.6113   -2.3291   -1.9122   -0.2799    0.7608         0
   -2.6028   -2.3413   -1.9094   -0.2691    0.7255         0
   -2.5947   -2.3521   -1.9037   -0.2731    0.6891         0
   -2.5900   -2.3557   -1.8948   -0.3036    0.6666         0
   -2.5882   -2.3544   -1.8866   -0.3420    0.6579         0
   -2.5874   -2.3520   -1.8787   -0.3808    0.6536         0
   -2.5870   -2.3493   -1.8707   -0.4199    0.6517         0
   -2.5869   -2.3466   -1.8623   -0.4589    0.6515         0
   -2.5870   -2.3443   -1.8531   -0.4978    0.6519         0
   -2.5869   -2.3432   -1.8424   -0.5363    0.6518         0
   -2.5863   -2.3449   -1.8286   -0.5737    0.6490         0
   -2.5848   -2.3502   -1.8113   -0.6083    0.6406         0
   -2.5842   -2.3520   -1.7984   -0.6458    0.6357         0
   -2.5839   -2.3528   -1.7865   -0.6839    0.6331         0
   -2.5837   -2.3536   -1.7747   -0.7220    0.6314         0
   -2.5836   -2.3549   -1.7624   -0.7600    0.6300         0
   -2.5834   -2.3577   -1.7485   -0.7974    0.6277         0
   -2.5825   -2.3645   -1.7306   -0.8321    0.6232         0
   -2.5811   -2.3741   -1.7103   -0.8649    0.6196         0
   -2.5793   -2.3834   -1.6916   -0.8985    0.6139         0
   -2.5786   -2.3972   -1.6657   -0.9237    0.6161         0
   -2.5810   -2.4030   -1.6445   -0.9526    0.6324         0
   -2.5826   -2.4100   -1.6232   -0.9830    0.6452         0
   -2.5779   -2.4283   -1.6080   -0.9733    0.6357         0
   -2.5744   -2.4374   -1.5963   -0.9976    0.6210         0
   -2.5732   -2.4411   -1.5848   -1.0347    0.6144         0
   -2.5724   -2.4446   -1.5736   -1.0694    0.6101         0
   -2.5720   -2.4474   -1.5617   -1.1084    0.6071         0
   -2.5719   -2.4503   -1.5494   -1.1475    0.6052         0
   -2.5718   -2.4535   -1.5369   -1.1854    0.6042         0
   -2.5719   -2.4569   -1.5241   -1.2227    0.6039         0
   -2.5721   -2.4605   -1.5109   -1.2600    0.6041         0
   -2.5724   -2.4644   -1.4972   -1.2975    0.6048         0
   -2.5729   -2.4686   -1.4831   -1.3347    0.6060         0
   -2.5734   -2.4731   -1.4685   -1.3717    0.6075         0
   -2.5740   -2.4780   -1.4535   -1.4083    0.6093         0
   -2.5748   -2.4832   -1.4379   -1.4447    0.6115         0
   -2.5757   -2.4889   -1.4217   -1.4808    0.6140         0
   -2.5768   -2.4949   -1.4049   -1.5164    0.6169         0
   -2.5781   -2.5014   -1.3873   -1.5516    0.6205         0
   -2.5797   -2.5084   -1.3686   -1.5859    0.6248         0
   -2.5819   -2.5160   -1.3484   -1.6191    0.6303         0
   -2.5847   -2.5240   -1.3267   -1.6506    0.6382         0
   -2.5874   -2.5321   -1.3053   -1.6819    0.6476         0
   -2.5898   -2.5405   -1.2844   -1.7136    0.6562         0
   -2.5917   -2.5491   -1.2639   -1.7465    0.6642         0
   -2.5934   -2.5583   -1.2437   -1.7777    0.6698         0
   -2.5946   -2.5685   -1.2224   -1.8135    0.6739         0
   -2.5961   -2.5764   -1.2129   -1.8030    0.6572         0
   -2.5957   -2.5695   -1.2295   -1.7635    0.6500         0
   -2.5959   -2.5659   -1.2406   -1.7280    0.6419         0
   -2.5962   -2.5616   -1.2525   -1.6902    0.6383         0
   -2.5969   -2.5574   -1.2637   -1.6522    0.6389         0
   -2.5981   -2.5542   -1.2727   -1.6136    0.6443         0
   -2.6004   -2.5520   -1.2784   -1.5747    0.6591         0
   -2.6048   -2.5538   -1.2698   -1.5626    0.6919         0
   -2.6095   -2.5584   -1.2522   -1.5752    0.7288         0
   -2.6132   -2.5636   -1.2346   -1.5971    0.7570         0
   -2.6163   -2.5691   -1.2170   -1.6237    0.7799         0
   -2.6193   -2.5749   -1.1991   -1.6511    0.8017         0
   -2.6225   -2.5811   -1.1808   -1.6777    0.8244         0
   -2.6258   -2.5877   -1.1621   -1.7037    0.8472         0
   -2.6291   -2.5947   -1.1430   -1.7298    0.8695         0
   -2.6323   -2.6020   -1.1237   -1.7565    0.8908         0
   -2.6355   -2.6097   -1.1040   -1.7838    0.9107         0
   -2.6386   -2.6179   -1.0840   -1.8117    0.9293         0
   -2.6416   -2.6265   -1.0635   -1.8401    0.9466         0
   -2.6445   -2.6356   -1.0426   -1.8688    0.9622         0
   -2.6472   -2.6453   -1.0211   -1.8983    0.9754         0
   -2.6496   -2.6556   -0.9992   -1.9284    0.9854         0
   -2.6516   -2.6665   -0.9768   -1.9593    0.9907         0
   -2.6531   -2.6782   -0.9543   -1.9901    0.9907         0
   -2.6541   -2.6906   -0.9317   -2.0204    0.9858         0
   -2.6548   -2.7040   -0.9086   -2.0493    0.9789         0
   -2.6564   -2.7192   -0.8828   -2.0746    0.9718         0
   -2.6625   -2.7313   -0.8560   -2.0905    0.9916         0
   -2.6685   -2.7407   -0.8321   -2.1089    1.0155         0
   -2.6734   -2.7507   -0.8086   -2.1297    1.0367         0
   -2.6783   -2.7397   -0.8193   -2.1121    1.0392         0
   -2.6785   -2.7261   -0.8413   -2.0856    1.0369         0
   -2.6771   -2.7121   -0.8666   -2.0571    1.0319         0
   -2.6753   -2.6988   -0.8911   -2.0295    1.0259         0
   -2.6730   -2.6859   -0.9157   -2.0017    1.0185         0
   -2.6704   -2.6735   -0.9401   -1.9738    1.0105         0
   -2.6677   -2.6614   -0.9644   -1.9456    1.0025         0
   -2.6649   -2.6495   -0.9885   -1.9172    0.9945         0
   -2.6622   -2.6378   -1.0123   -1.8884    0.9870         0
   -2.6598   -2.6262   -1.0357   -1.8589    0.9803         0
   -2.6576   -2.6149   -1.0587   -1.8289    0.9743         0
   -2.6555   -2.6038   -1.0813   -1.7984    0.9686         0
   -2.6533   -2.5930   -1.1037   -1.7678    0.9622         0
   -2.6507   -2.5828   -1.1261   -1.7374    0.9542         0
   -2.6473   -2.5733   -1.1483   -1.7081    0.9422         0
   -2.6430   -2.5650   -1.1698   -1.6815    0.9237         0
   -2.6380   -2.5581   -1.1899   -1.6592    0.8985         0
   -2.6323   -2.5526   -1.2081   -1.6428    0.8679         0
   -2.6264   -2.5474   -1.2256   -1.6320    0.8346         0
   -2.6200   -2.5417   -1.2432   -1.6303    0.7997         0
   -2.6188   -2.5291   -1.2661   -1.6034    0.8026         0
   -2.6191   -2.5198   -1.2841   -1.5695    0.8091         0
   -2.6191   -2.5113   -1.3018   -1.5350    0.8131         0
   -2.6187   -2.5032   -1.3196   -1.5001    0.8149         0
   -2.6179   -2.4955   -1.3378   -1.4653    0.8136         0
   -2.6165   -2.4883   -1.3563   -1.4309    0.8093         0
   -2.6144   -2.4817   -1.3752   -1.3974    0.8009         0
   -2.6116   -2.4754   -1.3945   -1.3652    0.7888         0
   -2.6084   -2.4695   -1.4140   -1.3338    0.7750         0
   -2.6053   -2.4638   -1.4336   -1.3022    0.7619         0
   -2.6025   -2.4580   -1.4530   -1.2695    0.7514         0
   -2.6006   -2.4523   -1.4713   -1.2348    0.7458         0
   -2.5994   -2.4469   -1.4885   -1.1993    0.7422         0
   -2.5984   -2.4417   -1.5053   -1.1636    0.7389         0
   -2.5973   -2.4363   -1.5226   -1.1284    0.7332         0
   -2.5957   -2.4301   -1.5417   -1.0961    0.7209         0
   -2.5949   -2.4214   -1.5628   -1.0653    0.7096         0
   -2.5974   -2.4050   -1.5880   -1.0402    0.7089         0
   -2.6030   -2.3879   -1.6084   -1.0162    0.7256         0
   -2.6118   -2.3681   -1.6240   -1.0083    0.7531         0
   -2.6209   -2.3567   -1.6286   -0.9958    0.7876         0
   -2.6282   -2.3485   -1.6348   -0.9733    0.8182         0
   -2.6345   -2.3417   -1.6419   -0.9473    0.8463         0
   -2.6413   -2.3355   -1.6477   -0.9233    0.8763         0
   -2.6494   -2.3297   -1.6498   -0.9074    0.9114         0
   -2.6586   -2.3258   -1.6444   -0.9078    0.9495         0
   -2.6674   -2.3246   -1.6328   -0.9213    0.9842         0
   -2.6766   -2.3249   -1.6191   -0.9354    1.0177         0
   -2.6876   -2.3230   -1.6113   -0.9345    1.0548         0
   -2.6980   -2.3177   -1.6135   -0.9198    1.0900         0
   -2.7082   -2.3123   -1.6182   -0.9012    1.1231         0
   -2.7206   -2.3084   -1.6187   -0.8845    1.1569         0
   -2.7334   -2.3118   -1.6001   -0.9000    1.1818         0
   -2.7421   -2.3172   -1.5793   -0.9247    1.2026         0
   -2.7541   -2.3199   -1.5649   -0.9353    1.2354         0
   -2.7658   -2.3163   -1.5670   -0.9231    1.2707         0
   -2.7734   -2.3101   -1.5797   -0.8965    1.2957         0
   -2.7797   -2.3038   -1.5948   -0.8656    1.3140         0
   -2.7902   -2.2968   -1.6094   -0.8362    1.3315         0
   -2.8038   -2.2948   -1.6100   -0.8262    1.3676         0
   -2.8156   -2.2935   -1.6109   -0.8166    1.4045         0
   -2.8263   -2.2891   -1.6210   -0.7959    1.4343         0
   -2.8347   -2.2822   -1.6390   -0.7673    1.4526         0
   -2.8506   -2.2774   -1.6459   -0.7625    1.4842         0
   -2.8669   -2.2843   -1.6279   -0.7775    1.5100         0
   -2.8774   -2.2949   -1.6018   -0.8018    1.5197         0
   -2.8875   -2.3044   -1.5779   -0.8270    1.5332         0
   -2.9088   -2.3030   -1.5833   -0.8128    1.5576         0
   -2.9357   -2.3096   -1.5696   -0.8207    1.5752         0
   -2.9431   -2.2975   -1.5969   -0.7978    1.5820         0
   -2.9323   -2.2838   -1.6256   -0.7796    1.5740         0
   -2.9158   -2.2714   -1.6517   -0.7635    1.5617         0
   -2.9110   -2.2604   -1.6783   -0.7369    1.5552         0
   -2.9018   -2.2507   -1.7029   -0.7120    1.5417         0
   -2.8906   -2.2410   -1.7275   -0.6881    1.5280         0
   -2.8853   -2.2322   -1.7521   -0.6599    1.5185         0
   -2.8792   -2.2262   -1.7722   -0.6308    1.5022         0
   -2.8684   -2.2234   -1.7860   -0.6076    1.4752         0
   -2.8497   -2.2250   -1.7879   -0.6017    1.4413         0
   -2.8329   -2.2244   -1.7987   -0.5832    1.4138         0
   -2.8228   -2.2240   -1.8108   -0.5572    1.3879         0
   -2.8135   -2.2239   -1.8222   -0.5323    1.3602         0
   -2.8043   -2.2238   -1.8343   -0.5080    1.3323         0
   -2.7959   -2.2227   -1.8498   -0.4819    1.3079         0
   -2.7920   -2.2203   -1.8688   -0.4488    1.2974         0
   -2.7919   -2.2178   -1.8875   -0.4137    1.2953         0
   -2.7916   -2.2171   -1.9038   -0.3774    1.2913         0
   -2.7891   -2.2182   -1.9177   -0.3412    1.2821         0
   -2.7852   -2.2205   -1.9301   -0.3058    1.2690         0
   -2.7807   -2.2236   -1.9415   -0.2711    1.2536         0
   -2.7756   -2.2271   -1.9528   -0.2372    1.2366         0
   -2.7704   -2.2306   -1.9649   -0.2040    1.2189         0
   -2.7659   -2.2333   -1.9801   -0.1712    1.2027         0
   -2.7650   -2.2364   -1.9940   -0.1344    1.1970         0
   -2.7649   -2.2409   -2.0045   -0.0962    1.1943         0
   -2.7647   -2.2462   -2.0139   -0.0578    1.1913         0
   -2.7640   -2.2521   -2.0228   -0.0196    1.1864         0
   -2.7625   -2.2587   -2.0313    0.0181    1.1786         0
   -2.7598   -2.2657   -2.0399    0.0546    1.1668         0
   -2.7560   -2.2733   -2.0484    0.0896    1.1516         0
   -2.7516   -2.2814   -2.0567    0.1238    1.1350         0
   -2.7473   -2.2901   -2.0649    0.1586    1.1200         0
   -2.7449   -2.2991   -2.0722    0.1959    1.1117         0
   -2.7445   -2.3081   -2.0782    0.2343    1.1101         0
   -2.7458   -2.3169   -2.0834    0.2729    1.1133         0
   -2.7483   -2.3255   -2.0879    0.3110    1.1201         0
   -2.7515   -2.3342   -2.0920    0.3488    1.1285         0
   -2.7544   -2.3434   -2.0960    0.3867    1.1357         0
   -2.7559   -2.3539   -2.1000    0.4249    1.1384         0
   -2.7554   -2.3655   -2.1039    0.4628    1.1350         0
   -2.7535   -2.3779   -2.1075    0.5000    1.1279         0
   -2.7523   -2.3906   -2.1109    0.5373    1.1227         0
   -2.7535   -2.4029   -2.1136    0.5752    1.1245         0
   -2.7565   -2.4145   -2.1151    0.6125    1.1324         0
   -2.7606   -2.4256   -2.1157    0.6490    1.1438         0
   -2.7652   -2.4367   -2.1156    0.6849    1.1565         0
   -2.7694   -2.4484   -2.1150    0.7211    1.1683         0
   -2.7725   -2.4611   -2.1139    0.7576    1.1779         0
   -2.7742   -2.4749   -2.1123    0.7947    1.1834         0
   -2.7744   -2.4896   -2.1102    0.8318    1.1846         0
   -2.7741   -2.5047   -2.1075    0.8687    1.1834         0
   -2.7744   -2.5201   -2.1042    0.9055    1.1830         0
   -2.7758   -2.5355   -2.1005    0.9421    1.1854         0
   -2.7785   -2.5509   -2.0964    0.9782    1.1913         0
   -2.7825   -2.5660   -2.0919    1.0131    1.2021         0
   -2.7888   -2.5794   -2.0875    1.0444    1.2215         0
   -2.7980   -2.5895   -2.0838    1.0685    1.2499         0
   -2.8100   -2.5958   -2.0810    1.0839    1.2841         0
   -2.8264   -2.6003   -2.0781    1.0951    1.3183         0
   -2.8461   -2.6035   -2.0756    1.1009    1.3523         0
   -2.8631   -2.6087   -2.0726    1.1075    1.3874         0
   -2.8780   -2.6135   -2.0694    1.1128    1.4237         0
   -2.8927   -2.6175   -2.0654    1.1168    1.4602         0
   -2.9104   -2.6215   -2.0600    1.1195    1.4953         0
   -2.9278   -2.6226   -2.0550    1.1161    1.5307         0
   -2.9421   -2.6224   -2.0504    1.1116    1.5675         0
   -2.9559   -2.6228   -2.0452    1.1072    1.6044         0
   -2.9710   -2.6251   -2.0386    1.1041    1.6407         0
   -2.9866   -2.6276   -2.0318    1.0987    1.6764         0
   -2.9997   -2.6288   -2.0257    1.0919    1.7130         0
   -3.0119   -2.6303   -2.0190    1.0866    1.7501         0
   -3.0238   -2.6326   -2.0109    1.0838    1.7872         0
   -3.0362   -2.6362   -2.0004    1.0846    1.8236         0
   -3.0536   -2.6404   -1.9851    1.0838    1.8548         0
   -3.0658   -2.6398   -1.9783    1.0681    1.8888         0
   -3.0761   -2.6388   -1.9726    1.0521    1.9235         0
   -3.0863   -2.6387   -1.9659    1.0377    1.9587         0
   -3.0967   -2.6402   -1.9572    1.0266    1.9946         0
   -3.1078   -2.6445   -1.9451    1.0217    2.0304         0
   -3.1222   -2.6488   -1.9261    1.0200    2.0408         0
   -3.1312   -2.6449   -1.9206    0.9954    2.0694         0
   -3.1401   -2.6428   -1.9143    0.9725    2.1011         0
   -3.1522   -2.6442   -1.9021    0.9513    2.1282         0
   -3.1641   -2.6436   -1.8886    0.9298    2.1376         0
   -3.1722   -2.6399   -1.8810    0.9051    2.1668         0
   -3.1798   -2.6353   -1.8723    0.8806    2.1958         0
   -3.1850   -2.6244   -1.8672    0.8483    2.2140         0
   -3.1864   -2.6098   -1.8694    0.8114    2.2186         0
   -3.1876   -2.5962   -1.8720    0.7741    2.2226         0
   -3.1905   -2.5850   -1.8711    0.7368    2.2308         0
   -3.1958   -2.5774   -1.8655    0.7007    2.2442         0
   -3.2011   -2.5716   -1.8600    0.6660    2.2616         0
   -3.2058   -2.5658   -1.8556    0.6313    2.2794         0
   -3.2098   -2.5594   -1.8516    0.5957    2.2955         0
   -3.2130   -2.5518   -1.8484    0.5587    2.3077         0
   -3.2150   -2.5426   -1.8461    0.5203    2.3135         0
   -3.2159   -2.5320   -1.8445    0.4818    2.3128         0
   -3.2170   -2.5222   -1.8426    0.4431    2.3144         0
   -3.2185   -2.5136   -1.8399    0.4045    2.3193         0
   -3.2202   -2.5057   -1.8368    0.3659    2.3254         0
   -3.2218   -2.4979   -1.8338    0.3272    2.3308         0
   -3.2229   -2.4900   -1.8309    0.2883    2.3341         0
   -3.2235   -2.4816   -1.8282    0.2492    2.3340         0
   -3.2235   -2.4728   -1.8258    0.2104    2.3308         0
   -3.2231   -2.4638   -1.8234    0.1719    2.3258         0
   -3.2224   -2.4549   -1.8208    0.1334    2.3199         0
   -3.2217   -2.4463   -1.8177    0.0949    2.3142         0
   -3.2212   -2.4382   -1.8139    0.0562    2.3097         0
   -3.2207   -2.4308   -1.8092    0.0173    2.3062         0
   -3.2204   -2.4240   -1.8036   -0.0216    2.3034         0
   -3.2202   -2.4178   -1.7971   -0.0605    2.3004         0
   -3.2197   -2.4120   -1.7892   -0.0989    2.2951         0
   -3.2184   -2.4060   -1.7809   -0.1361    2.2848         0
   -3.2160   -2.3994   -1.7736   -0.1717    2.2696         0
   -3.2124   -2.3918   -1.7677   -0.2051    2.2502         0
   -3.2078   -2.3836   -1.7632   -0.2361    2.2272         0
   -3.2023   -2.3752   -1.7597   -0.2650    2.2016         0
   -3.1961   -2.3664   -1.7569   -0.2921    2.1744         0
   -3.1888   -2.3573   -1.7548   -0.3182    2.1465         0
   -3.1794   -2.3466   -1.7541   -0.3439    2.1194         0
   -3.1677   -2.3353   -1.7592   -0.3531    2.0847         0
   -3.1571   -2.3258   -1.7638   -0.3602    2.0483         0
   -3.1477   -2.3175   -1.7645   -0.3761    2.0139         0
   -3.1396   -2.3108   -1.7609   -0.3999    1.9838         0
   -3.1329   -2.3060   -1.7536   -0.4284    1.9580         0
   -3.1277   -2.3032   -1.7430   -0.4603    1.9371         0
   -3.1228   -2.3020   -1.7295   -0.4929    1.9190         0
   -3.1161   -2.3023   -1.7123   -0.5245    1.9032         0
   -3.1054   -2.2995   -1.7019   -0.5483    1.8753         0
   -3.0951   -2.2947   -1.6993   -0.5653    1.8411         0
   -3.0847   -2.2893   -1.7001   -0.5780    1.8050         0
   -3.0722   -2.2823   -1.7040   -0.5906    1.7701         0
   -3.0569   -2.2721   -1.7208   -0.5806    1.7433         0
   -3.0438   -2.2660   -1.7305   -0.5738    1.7094         0
   -3.0345   -2.2643   -1.7229   -0.5996    1.6823         0
   -3.0314   -2.2664   -1.7074   -0.6346    1.6715         0
   -3.0324   -2.2714   -1.6879   -0.6690    1.6703         0
   -3.0352   -2.2802   -1.6635   -0.6991    1.6724         0
   -3.0332   -2.2885   -1.6398   -0.7279    1.6618         0
   -3.0254   -2.2949   -1.6196   -0.7548    1.6428         0
   -3.0026   -2.2978   -1.6089   -0.7650    1.6228         0
   -2.9839   -2.2842   -1.6349   -0.7518    1.6132         0
   -2.9714   -2.2723   -1.6612   -0.7298    1.6032         0
   -2.9505   -2.2612   -1.6841   -0.7144    1.5946         0
   -2.9391   -2.2492   -1.7116   -0.6920    1.5867         0
   -2.9318   -2.2409   -1.7349   -0.6622    1.5818         0
   -2.9284   -2.2356   -1.7547   -0.6282    1.5782         0
   -2.9203   -2.2279   -1.7778   -0.5992    1.5711         0
   -2.9068   -2.2195   -1.8007   -0.5764    1.5573         0
   -2.9015   -2.2161   -1.8181   -0.5428    1.5463         0
   -2.8968   -2.2140   -1.8339   -0.5085    1.5341         0
   -2.8899   -2.2120   -1.8490   -0.4774    1.5156         0
   -2.8781   -2.2100   -1.8603   -0.4600    1.4840         0
   -2.8618   -2.2094   -1.8654   -0.4561    1.4482         0
   -2.8505   -2.2094   -1.8781   -0.4281    1.4260         0
   -2.8444   -2.2096   -1.8920   -0.3949    1.4097         0
   -2.8395   -2.2096   -1.9070   -0.3612    1.3952         0
   -2.8352   -2.2090   -1.9242   -0.3278    1.3821         0
   -2.8331   -2.2091   -1.9409   -0.2924    1.3746         0
   -2.8322   -2.2111   -1.9540   -0.2550    1.3697         0
   -2.8311   -2.2140   -1.9658   -0.2173    1.3640         0
   -2.8293   -2.2177   -1.9767   -0.1799    1.3559         0
   -2.8267   -2.2218   -1.9872   -0.1432    1.3451         0
   -2.8230   -2.2262   -1.9978   -0.1077    1.3311         0
   -2.8186   -2.2308   -2.0087   -0.0735    1.3147         0
   -2.8142   -2.2354   -2.0208   -0.0397    1.2982         0
   -2.8135   -2.2406   -2.0326   -0.0024    1.2937         0
   -2.8158   -2.2466   -2.0407    0.0357    1.3004         0
   -2.8190   -2.2529   -2.0471    0.0731    1.3106         0
   -2.8225   -2.2597   -2.0528    0.1104    1.3216         0
   -2.8257   -2.2671   -2.0582    0.1481    1.3310         0
   -2.8277   -2.2751   -2.0637    0.1864    1.3367         0
   -2.8283   -2.2838   -2.0693    0.2250    1.3373         0
   -2.8275   -2.2930   -2.0752    0.2632    1.3329         0
   -2.8257   -2.3026   -2.0814    0.3007    1.3251         0
   -2.8248   -2.3126   -2.0886    0.3381    1.3182         0
   -2.8287   -2.3225   -2.0960    0.3749    1.3250         0
   -2.8336   -2.3323   -2.1005    0.4108    1.3380         0
   -2.8365   -2.3431   -2.1038    0.4482    1.3462         0
   -2.8377   -2.3545   -2.1065    0.4862    1.3495         0
   -2.8375   -2.3665   -2.1087    0.5243    1.3487         0
   -2.8363   -2.3788   -2.1104    0.5622    1.3449         0
   -2.8346   -2.3914   -2.1115    0.5997    1.3394         0
   -2.8329   -2.4043   -2.1122    0.6370    1.3335         0
   -2.8318   -2.4177   -2.1124    0.6744    1.3289         0
   -2.8321   -2.4314   -2.1121    0.7120    1.3276         0
   -2.8344   -2.4453   -2.1112    0.7492    1.3313         0
   -2.8389   -2.4589   -2.1096    0.7852    1.3410         0
   -2.8454   -2.4720   -2.1071    0.8191    1.3561         0
   -2.8540   -2.4842   -2.1039    0.8501    1.3762         0
   -2.8661   -2.4941   -2.1001    0.8742    1.4035         0
   -2.8822   -2.4977   -2.0962    0.8819    1.4384         0
   -2.8992   -2.4973   -2.0923    0.8785    1.4743         0
   -2.9154   -2.5000   -2.0878    0.8802    1.5103         0
   -2.9298   -2.5084   -2.0821    0.8946    1.5430         0
   -2.9432   -2.5197   -2.0755    0.9146    1.5722         0
   -2.9581   -2.5298   -2.0681    0.9300    1.6033         0
   -2.9732   -2.5338   -2.0614    0.9302    1.6392         0
   -2.9868   -2.5333   -2.0561    0.9198    1.6750         0
   -2.9986   -2.5296   -2.0520    0.9019    1.7083         0
   -3.0110   -2.5281   -2.0466    0.8875    1.7430         0
   -3.0244   -2.5329   -2.0384    0.8859    1.7791         0
   -3.0372   -2.5432   -2.0281    0.8977    1.8121         0
   -3.0502   -2.5512   -2.0174    0.9033    1.8468         0
   -3.0638   -2.5557   -2.0062    0.8995    1.8822         0
   -3.0767   -2.5568   -1.9961    0.8870    1.9164         0
   -3.0881   -2.5570   -1.9875    0.8713    1.9503         0
   -3.0992   -2.5572   -1.9787    0.8545    1.9837         0
   -3.1103   -2.5557   -1.9694    0.8325    2.0136         0
   -3.1185   -2.5482   -1.9636    0.7999    2.0324         0
   -3.1241   -2.5384   -1.9605    0.7640    2.0456         0
   -3.1308   -2.5303   -1.9553    0.7290    2.0610         0
   -3.1387   -2.5217   -1.9455    0.6939    2.0555         0
   -3.1423   -2.5105   -1.9422    0.6560    2.0564         0
   -3.1447   -2.4994   -1.9409    0.6180    2.0613         0
   -3.1461   -2.4880   -1.9406    0.5798    2.0644         0
   -3.1467   -2.4764   -1.9407    0.5416    2.0655         0
   -3.1469   -2.4649   -1.9407    0.5033    2.0655         0
   -3.1470   -2.4537   -1.9405    0.4649    2.0649         0
   -3.1471   -2.4428   -1.9393    0.4264    2.0636         0
   -3.1478   -2.4327   -1.9367    0.3879    2.0624         0
   -3.1509   -2.4250   -1.9298    0.3496    2.0647         0
   -3.1596   -2.4248   -1.9151    0.3197    2.0846         0
   -3.1656   -2.4220   -1.9049    0.2861    2.1024         0
   -3.1698   -2.4172   -1.8968    0.2493    2.1143         0
   -3.1728   -2.4115   -1.8900    0.2114    2.1229         0
   -3.1746   -2.4050   -1.8842    0.1728    2.1286         0
   -3.1755   -2.3978   -1.8789    0.1339    2.1310         0
   -3.1753   -2.3899   -1.8740    0.0950    2.1292         0
   -3.1737   -2.3814   -1.8694    0.0568    2.1227         0
   -3.1709   -2.3724   -1.8649    0.0199    2.1114         0
   -3.1666   -2.3631   -1.8602   -0.0149    2.0953         0
   -3.1617   -2.3540   -1.8551   -0.0486    2.0771         0
   -3.1568   -2.3451   -1.8500   -0.0832    2.0605         0
   -3.1507   -2.3360   -1.8461   -0.1159    2.0407         0
   -3.1418   -2.3261   -1.8461   -0.1391    2.0114         0
   -3.1310   -2.3179   -1.8521   -0.1406    1.9746         0
   -3.1201   -2.3109   -1.8603   -0.1344    1.9381         0
   -3.1091   -2.3019   -1.8636   -0.1491    1.9054         0
   -3.1033   -2.2945   -1.8583   -0.1837    1.8885         0
   -3.0999   -2.2888   -1.8507   -0.2209    1.8779         0
   -3.0974   -2.2840   -1.8422   -0.2587    1.8698         0
   -3.0949   -2.2798   -1.8331   -0.2966    1.8619         0
   -3.0917   -2.2758   -1.8236   -0.3337    1.8517         0
   -3.0869   -2.2719   -1.8142   -0.3690    1.8367         0
   -3.0791   -2.2674   -1.8068   -0.3992    1.8134         0
   -3.0682   -2.2621   -1.8035   -0.4205    1.7821         0
   -3.0540   -2.2560   -1.8045   -0.4338    1.7479         0
   -3.0333   -2.2467   -1.8123   -0.4420    1.7178         0
   -3.0215   -2.2423   -1.8107   -0.4603    1.6848         0
   -3.0129   -2.2399   -1.8035   -0.4872    1.6576         0
   -3.0065   -2.2393   -1.7921   -0.5195    1.6381         0
   -2.9999   -2.2408   -1.7770   -0.5525    1.6228         0
   -2.9746   -2.2399   -1.7690   -0.5706    1.6177         0
   -2.9561   -2.2289   -1.7945   -0.5506    1.6105         0
   -2.9500   -2.2236   -1.8154   -0.5180    1.6056         0
   -2.9466   -2.2214   -1.8319   -0.4822    1.6007         0
   -2.9434   -2.2201   -1.8472   -0.4459    1.5946         0
   -2.9394   -2.2190   -1.8628   -0.4100    1.5875         0
   -2.9330   -2.2175   -1.8793   -0.3748    1.5809         0
   -2.9181   -2.2141   -1.8979   -0.3441    1.5759         0
   -2.9057   -2.2120   -1.9136   -0.3161    1.5560         0
   -2.8987   -2.2119   -1.9282   -0.2833    1.5398         0
   -2.8938   -2.2130   -1.9420   -0.2487    1.5262         0
   -2.8904   -2.2148   -1.9554   -0.2128    1.5155         0
   -2.8883   -2.2175   -1.9682   -0.1757    1.5086         0
   -2.8875   -2.2211   -1.9801   -0.1378    1.5056         0
   -2.8877   -2.2255   -1.9908   -0.0995    1.5055         0
   -2.8883   -2.2305   -2.0009   -0.0611    1.5068         0
   -2.8894   -2.2360   -2.0105   -0.0228    1.5091         0
   -2.8914   -2.2420   -2.0199    0.0154    1.5126         0
   -2.8947   -2.2485   -2.0290    0.0533    1.5179         0
   -2.8995   -2.2557   -2.0373    0.0909    1.5246         0
   -2.9033   -2.2635   -2.0447    0.1290    1.5282         0
   -2.9044   -2.2716   -2.0516    0.1675    1.5260         0
   -2.9038   -2.2800   -2.0579    0.2057    1.5209         0
   -2.9022   -2.2886   -2.0638    0.2437    1.5142         0
   -2.8999   -2.2975   -2.0697    0.2814    1.5065         0
   -2.8976   -2.3068   -2.0756    0.3190    1.4986         0
   -2.8961   -2.3168   -2.0813    0.3568    1.4929         0
   -2.8974   -2.3277   -2.0870    0.3948    1.4935         0
   -2.9024   -2.3391   -2.0912    0.4314    1.5027         0
   -2.9085   -2.3506   -2.0934    0.4671    1.5150         0
   -2.9154   -2.3621   -2.0939    0.5014    1.5306         0
   -2.9235   -2.3736   -2.0931    0.5341    1.5487         0
   -2.9360   -2.3841   -2.0901    0.5597    1.5740         0
   -2.9528   -2.3840   -2.0838    0.5486    1.6066         0
   -2.9676   -2.3816   -2.0767    0.5301    1.6377         0
   -2.9820   -2.3899   -2.0704    0.5442    1.6687         0
   -2.9911   -2.4021   -2.0670    0.5730    1.6917         0
   -2.9996   -2.4146   -2.0633    0.6019    1.7145         0
   -3.0100   -2.4268   -2.0578    0.6269    1.7406         0
   -3.0260   -2.4361   -2.0475    0.6364    1.7719         0
   -3.0400   -2.4346   -2.0377    0.6163    1.8015         0
   -3.0498   -2.4302   -2.0307    0.5902    1.8289         0
   -3.0584   -2.4249   -2.0241    0.5610    1.8535         0
   -3.0660   -2.4182   -2.0175    0.5275    1.8715         0
   -3.0707   -2.4090   -2.0122    0.4901    1.8796         0
   -3.0727   -2.3987   -2.0085    0.4518    1.8818         0
   -3.0736   -2.3880   -2.0050    0.4134    1.8812         0
   -3.0745   -2.3778   -2.0007    0.3750    1.8804         0
   -3.0770   -2.3689   -1.9941    0.3368    1.8832         0
   -3.0828   -2.3629   -1.9842    0.3003    1.8930         0
   -3.0888   -2.3577   -1.9744    0.2638    1.9033         0
   -3.0942   -2.3525   -1.9652    0.2271    1.9140         0
   -3.0992   -2.3476   -1.9555    0.1903    1.9239         0
   -3.1028   -2.3421   -1.9450    0.1525    1.9269         0
   -3.1031   -2.3350   -1.9366    0.1145    1.9208         0
   -3.1015   -2.3270   -1.9300    0.0768    1.9126         0
   -3.0991   -2.3189   -1.9239    0.0390    1.9048         0
   -3.0952   -2.3104   -1.9180    0.0016    1.8956         0
   -3.0894   -2.3017   -1.9127   -0.0339    1.8817         0
   -3.0814   -2.2928   -1.9092   -0.0653    1.8603         0
   -3.0725   -2.2841   -1.9074   -0.0932    1.8345         0
   -3.0635   -2.2758   -1.9056   -0.1218    1.8095         0
   -3.0541   -2.2677   -1.9037   -0.1508    1.7851         0
   -3.0406   -2.2602   -1.9085   -0.1613    1.7534         0
   -3.0286   -2.2571   -1.9210   -0.1403    1.7243         0
   -3.0152   -2.2506   -1.9274   -0.1473    1.6912         0
   -3.0068   -2.2445   -1.9231   -0.1780    1.6683         0
   -3.0003   -2.2394   -1.9160   -0.2117    1.6498         0
   -2.9930   -2.2346   -1.9087   -0.2459    1.6324         0
   -2.9783   -2.2289   -1.9049   -0.2743    1.6129         0
   -2.9617   -2.2242   -1.9266   -0.2463    1.6114         0
   -2.9543   -2.2239   -1.9431   -0.2120    1.6046         0
   -2.9523   -2.2269   -1.9547   -0.1740    1.6014         0
   -2.9515   -2.2310   -1.9649   -0.1357    1.5983         0
   -2.9508   -2.2357   -1.9742   -0.0972    1.5946         0
   -2.9499   -2.2409   -1.9831   -0.0589    1.5901         0
   -2.9487   -2.2463   -1.9923   -0.0206    1.5853         0
   -2.9472   -2.2518   -2.0022    0.0174    1.5806         0
   -2.9467   -2.2574   -2.0144    0.0550    1.5792         0
   -2.9531   -2.2645   -2.0238    0.0900    1.5923         0
   -2.9611   -2.2728   -2.0275    0.1237    1.6103         0
   -2.9691   -2.2814   -2.0300    0.1562    1.6302         0
   -2.9777   -2.2904   -2.0316    0.1870    1.6523         0
   -2.9895   -2.2998   -2.0310    0.2134    1.6780         0
   -3.0078   -2.3062   -2.0237    0.2143    1.7105         0
   -3.0193   -2.3050   -2.0124    0.1888    1.7368         0
   -3.0358   -2.3094   -1.9936    0.1749    1.7637         0
   -3.0474   -2.3097   -1.9813    0.1505    1.7900         0