   -3.0295   -2.2995   -1.9897    0.1408    1.7251         0
   -3.0260   -2.2888   -1.9923    0.1684    1.7006         0
   -3.0223   -2.2779   -1.9951    0.1961    1.6756         0
   -3.0186   -2.2668   -1.9979    0.2237    1.6502         0
   -3.0149   -2.2556   -2.0008    0.2514    1.6244         0
   -3.0111   -2.2441   -2.0038    0.2791    1.5982         0
   -3.0073   -2.2325   -2.0069    0.3068    1.5718         0
   -3.0034   -2.2209   -2.0100    0.3346    1.5451         0
   -2.9995   -2.2091   -2.0132    0.3623    1.5183         0
   -2.9956   -2.1973   -2.0164    0.3901    1.4914         0
   -2.9917   -2.1855   -2.0196    0.4178    1.4644         0
   -2.9877   -2.1736   -2.0228    0.4456    1.4375         0
   -2.9838   -2.1618   -2.0260    0.4733    1.4105         0
   -2.9799   -2.1501   -2.0291    0.5010    1.3837         0
   -2.9761   -2.1384   -2.0323    0.5288    1.3571         0
   -2.9722   -2.1268   -2.0353    0.5565    1.3306         0
   -2.9684   -2.1154   -2.0384    0.5842    1.3045         0
   -2.9647   -2.1041   -2.0413    0.6119    1.2787         0
   -2.9610   -2.0930   -2.0441    0.6396    1.2532         0
   -2.9573   -2.0821   -2.0469    0.6672    1.2283         0
   -2.9538   -2.0715   -2.0495    0.6948    1.2038         0
   -2.9503   -2.0611   -2.0520    0.7224    1.1798         0
   -2.9468   -2.0508   -2.0544    0.7500    1.1560         0
   -2.9434   -2.0405   -2.0569    0.7775    1.1323         0
   -2.9399   -2.0301   -2.0594    0.8051    1.1083         0
   -2.9363   -2.0194   -2.0620    0.8327    1.0837         0
   -2.9326   -2.0084   -2.0648    0.8604    1.0584         0
   -2.9288   -1.9968   -2.0679    0.8881    1.0319         0
   -2.9248   -1.9845   -2.0713    0.9159    1.0040         0
   -2.9205   -1.9715   -2.0751    0.9438    0.9745         0
   -2.9159   -1.9575   -2.0794    0.9718    0.9431         0
   -2.9111   -1.9427   -2.0840    0.9999    0.9099         0
   -2.9063   -1.9281   -2.0886    1.0280    0.8771         0
   -2.9020   -1.9150   -2.0924    1.0559    0.8474         0
   -2.8985   -1.9045   -2.0950    1.0835    0.8232         0
   -2.8962   -1.8979   -2.0956    1.1106    0.8073         0
   -2.8954   -1.8964   -2.0937    1.1372    0.8020         0
   -2.8961   -1.9000   -2.0894    1.1632    0.8073         0
   -2.8982   -1.9080   -2.0829    1.1886    0.8217         0
   -2.9013   -1.9196   -2.0746    1.2137    0.8439         0
   -2.9054   -1.9343   -2.0649    1.2384    0.8723         0
   -2.9102   -1.9512   -2.0541    1.2630    0.9055         0
   -2.9154   -1.9698   -2.0425    1.2873    0.9419         0
   -2.9209   -1.9892   -2.0306    1.3116    0.9802         0
   -2.9264   -2.0089   -2.0186    1.3359    1.0187         0
   -2.9318   -2.0280   -2.0069    1.3603    1.0561         0
   -2.9368   -2.0460   -1.9959    1.3849    1.0910         0
   -2.9413   -2.0627   -1.9856    1.4096    1.1230         0
   -2.9456   -2.0782   -1.9758    1.4346    1.1526         0
   -2.9495   -2.0928   -1.9665    1.4596    1.1801         0
   -2.9532   -2.1064   -1.9576    1.4846    1.2059         0
   -2.9567   -2.1194   -1.9489    1.5097    1.2304         0
   -2.9601   -2.1318   -1.9403    1.5347    1.2540         0
   -2.9634   -2.1438   -1.9318    1.5597    1.2772         0
   -2.9667   -2.1556   -1.9231    1.5846    1.3001         0
   -2.9700   -2.1673   -1.9142    1.6092    1.3234         0
   -2.9734   -2.1791   -1.9051    1.6337    1.3473         0
   -2.9769   -2.1911   -1.8956    1.6580    1.3719         0
   -2.9805   -2.2033   -1.8859    1.6823    1.3971         0
   -2.9841   -2.2158   -1.8762    1.7065    1.4229         0
   -2.9879   -2.2288   -1.8665    1.7309    1.4492         0
   -2.9917   -2.2423   -1.8569    1.7554    1.4759         0
   -2.9955   -2.2563   -1.8475    1.7803    1.5030         0
   -2.9995   -2.2710   -1.8385    1.8055    1.5303         0
   -3.0034   -2.2865   -1.8299    1.8312    1.5578         0
   -3.0074   -2.3028   -1.8218    1.8575    1.5854         0
   -3.0114   -2.3198   -1.8143    1.8843    1.6130         0
   -3.0153   -2.3344   -1.8056    1.9097    1.6396         0
   -3.0186   -2.3421   -1.7932    1.9311    1.6639         0
   -3.0213   -2.3403   -1.7757    1.9467    1.6851         0
   -3.0233   -2.3299   -1.7536    1.9572    1.7034         0
   -3.0249   -2.3124   -1.7275    1.9634    1.7194         0
   -3.0260   -2.2889   -1.6983    1.9661    1.7335         0
   -3.0267   -2.2608   -1.6665    1.9660    1.7460         0
   -3.0271   -2.2296   -1.6330    1.9640    1.7573         0
   -3.0274   -2.1964   -1.5984    1.9608    1.7680         0
   -3.0275   -2.1625   -1.5635    1.9573    1.7783         0
   -3.0275   -2.1295   -1.5289    1.9542    1.7888         0
   -3.0276   -2.0984   -1.4953    1.9523    1.7997         0
   -3.0278   -2.0701   -1.4632    1.9521    1.8115         0
   -3.0282   -2.0442   -1.4324    1.9533    1.8239         0
   -3.0286   -2.0202   -1.4026    1.9556    1.8370         0
   -3.0293   -1.9976   -1.3736    1.9588    1.8507         0
   -3.0301   -1.9760   -1.3452    1.9626    1.8648         0
   -3.0312   -1.9550   -1.3172    1.9668    1.8794         0
   -3.0325   -1.9341   -1.2893    1.9709    1.8944         0
   -3.0341   -1.9127   -1.2614    1.9749    1.9096         0
   -3.0360   -1.8906   -1.2332    1.9783    1.9250         0
   -3.0382   -1.8672   -1.2045    1.9810    1.9406         0
   -3.0392   -1.8438   -1.1752    1.9838    1.9544         0
   -3.0352   -1.8242   -1.1456    1.9887    1.9626         0
   -3.0259   -1.8088   -1.1157    1.9963    1.9646         0
   -3.0120   -1.7972   -1.0857    2.0062    1.9613         0
   -2.9942   -1.7887   -1.0554    2.0180    1.9535         0
   -2.9733   -1.7827   -1.0249    2.0314    1.9422         0
   -2.9501   -1.7785   -0.9943    2.0459    1.9282         0
   -2.9253   -1.7755   -0.9637    2.0613    1.9124         0
   -2.8998   -1.7731   -0.9330    2.0771    1.8957         0
   -2.8742   -1.7707   -0.9023    2.0930    1.8790         0
   -2.8493   -1.7677   -0.8715    2.1086    1.8632         0
   -2.8259   -1.7634   -0.8409    2.1236    1.8490         0
   -2.8038   -1.7580   -0.8103    2.1380    1.8364         0
   -2.7830   -1.7516   -0.7797    2.1518    1.8253         0
   -2.7633   -1.7444   -0.7492    2.1650    1.8153         0
   -2.7443   -1.7365   -0.7188    2.1778    1.8063         0
   -2.7261   -1.7282   -0.6884    2.1901    1.7980         0
   -2.7082   -1.7197   -0.6581    2.2020    1.7902         0
   -2.6906   -1.7111   -0.6278    2.2135    1.7827         0
   -2.6731   -1.7027   -0.5977    2.2247    1.7751         0
   -2.6554   -1.6946   -0.5676    2.2357    1.7673         0
   -2.6374   -1.6870   -0.5376    2.2465    1.7591         0
   -2.6191   -1.6798   -0.5076    2.2572    1.7504         0
   -2.6004   -1.6730   -0.4776    2.2680    1.7414         0
   -2.5814   -1.6662   -0.4475    2.2791    1.7320         0
   -2.5622   -1.6595   -0.4174    2.2907    1.7224         0
   -2.5427   -1.6526   -0.3871    2.3029    1.7126         0
   -2.5230   -1.6455   -0.3567    2.3159    1.7027         0
   -2.5031   -1.6380   -0.3260    2.3298    1.6927         0
   -2.4830   -1.6299   -0.2951    2.3449    1.6827         0
   -2.4628   -1.6212   -0.2639    2.3613    1.6727         0
   -2.4425   -1.6118   -0.2324    2.3788    1.6629         0
   -2.4225   -1.6027   -0.2012    2.3951    1.6533         0
   -2.4033   -1.5955   -0.1709    2.4073    1.6439         0
   -2.3855   -1.5916   -0.1423    2.4122    1.6347         0
   -2.3693   -1.5920   -0.1158    2.4076    1.6259         0
   -2.3548   -1.5964   -0.0915    2.3941    1.6173         0
   -2.3416   -1.6044   -0.0689    2.3730    1.6090         0
   -2.3296   -1.6152   -0.0478    2.3455    1.6009         0
   -2.3185   -1.6284   -0.0280    2.3130    1.5928         0
   -2.3081   -1.6432   -0.0091    2.2768    1.5849         0
   -2.2983   -1.6592    0.0090    2.2382    1.5771         0
   -2.2887   -1.6757    0.0267    2.1984    1.5692         0
   -2.2792   -1.6922    0.0442    2.1587    1.5613         0
   -2.2696   -1.7081    0.0619    2.1205    1.5533         0
   -2.2596   -1.7229    0.0799    2.0847    1.5451         0
   -2.2493   -1.7366    0.0983    2.0513    1.5369         0
   -2.2386   -1.7493    0.1172    2.0199    1.5286         0
   -2.2275   -1.7613    0.1366    1.9903    1.5203         0
   -2.2161   -1.7726    0.1566    1.9620    1.5120         0
   -2.2043   -1.7834    0.1772    1.9348    1.5037         0
   -2.1921   -1.7938    0.1984    1.9083    1.4955         0
   -2.1796   -1.8040    0.2203    1.8822    1.4875         0
   -2.1667   -1.8140    0.2430    1.8561    1.4795         0
   -2.1534   -1.8241    0.2665    1.8298    1.4718         0
   -2.1398   -1.8343    0.2906    1.8030    1.4642         0
   -2.1261   -1.8448    0.3150    1.7755    1.4568         0
   -2.1127   -1.8555    0.3389    1.7475    1.4493         0
   -2.0999   -1.8667    0.3616    1.7187    1.4416         0
   -2.0880   -1.8784    0.3826    1.6893    1.4335         0
   -2.0774   -1.8907    0.4012    1.6592    1.4251         0
   -2.0684   -1.9036    0.4167    1.6283    1.4161         0
   -2.0613   -1.9173    0.4285    1.5967    1.4064         0
   -2.0562   -1.9318    0.4363    1.5643    1.3959         0
   -2.0531   -1.9471    0.4403    1.5312    1.3847         0
   -2.0516   -1.9629    0.4413    1.4976    1.3729         0
   -2.0514   -1.9793    0.4396    1.4635    1.3606         0
   -2.0523   -1.9960    0.4359    1.4289    1.3479         0
   -2.0540   -2.0131    0.4308    1.3941    1.3350         0
   -2.0562   -2.0304    0.4246    1.3592    1.3219         0
   -2.0587   -2.0478    0.4180    1.3241    1.3087         0
   -2.0612   -2.0653    0.4116    1.2890    1.2956         0
   -2.0635   -2.0826    0.4058    1.2540    1.2826         0
   -2.0652   -2.0998    0.4010    1.2192    1.2698         0
   -2.0665   -2.1168    0.3972    1.1845    1.2572         0
   -2.0673   -2.1336    0.3942    1.1500    1.2448         0
   -2.0678   -2.1503    0.3920    1.1156    1.2325         0
   -2.0679   -2.1668    0.3903    1.0814    1.2203         0
   -2.0676   -2.1832    0.3890    1.0473    1.2081         0
   -2.0671   -2.1994    0.3881    1.0133    1.1960         0
   -2.0663   -2.2155    0.3873    0.9794    1.1838         0
   -2.0653   -2.2314    0.3865    0.9456    1.1716         0
   -2.0641   -2.2472    0.3856    0.9118    1.1593         0
   -2.0628   -2.2629    0.3845    0.8781    1.1468         0
   -2.0615   -2.2785    0.3832    0.8445    1.1343         0
   -2.0603   -2.2942    0.3817    0.8107    1.1218         0
   -2.0594   -2.3100    0.3799    0.7769    1.1092         0
   -2.0588   -2.3260    0.3779    0.7430    1.0967         0
   -2.0587   -2.3423    0.3757    0.7088    1.0843         0
   -2.0593   -2.3591    0.3733    0.6744    1.0719         0
   -2.0606   -2.3763    0.3706    0.6397    1.0597         0
   -2.0627   -2.3940    0.3677    0.6047    1.0477         0
   -2.0659   -2.4124    0.3646    0.5693    1.0359         0
   -2.0699   -2.4314    0.3613    0.5335    1.0244         0
   -2.0739   -2.4504    0.3581    0.4978    1.0128         0
   -2.0768   -2.4686    0.3553    0.4624    1.0010         0
   -2.0776   -2.4856    0.3530    0.4279    0.9888         0
   -2.0753   -2.5005    0.3517    0.3946    0.9760         0
   -2.0689   -2.5129    0.3515    0.3629    0.9624         0
   -2.0575   -2.5219    0.3527    0.3333    0.9477         0
   -2.0411   -2.5279    0.3553    0.3056    0.9320         0
   -2.0204   -2.5311    0.3590    0.2795    0.9155         0
   -1.9961   -2.5320    0.3637    0.2549    0.8982         0
   -1.9689   -2.5311    0.3692    0.2313    0.8803         0
   -1.9395   -2.5289    0.3753    0.2087    0.8619         0
   -1.9085   -2.5257    0.3818    0.1866    0.8433         0
   -1.8767   -2.5221    0.3885    0.1648    0.8244         0
   -1.8447   -2.5185    0.3952    0.1430    0.8056         0
   -1.8132   -2.5153    0.4018    0.1210    0.7868         0
   -1.7829   -2.5130    0.4079    0.0984    0.7683         0
   -1.7539   -2.5116    0.4137    0.0753    0.7500         0
   -1.7259   -2.5109    0.4192    0.0518    0.7319         0
   -1.6990   -2.5108    0.4244    0.0279    0.7141         0
   -1.6729   -2.5111    0.4294    0.0037    0.6964         0
   -1.6475   -2.5117    0.4343   -0.0206    0.6789         0
   -1.6226   -2.5124    0.4391   -0.0451    0.6615         0
   -1.5980   -2.5130    0.4440   -0.0696    0.6441         0
   -1.5737   -2.5133    0.4489   -0.0939    0.6268         0
   -1.5494   -2.5133    0.4540   -0.1181    0.6095         0
   -1.5250   -2.5127    0.4593   -0.1421    0.5922         0
   -1.5005   -2.5116    0.4647   -0.1658    0.5749         0
   -1.4757   -2.5103    0.4703   -0.1893    0.5575         0
   -1.4505   -2.5089    0.4759   -0.2128    0.5401         0
   -1.4250   -2.5076    0.4814   -0.2364    0.5226         0
   -1.3990   -2.5067    0.4869   -0.2600    0.5049         0
   -1.3724   -2.5064    0.4922   -0.2838    0.4872         0
   -1.3453   -2.5068    0.4972   -0.3079    0.4693         0
   -1.3174   -2.5082    0.5019   -0.3324    0.4512         0
   -1.2889   -2.5108    0.5062   -0.3574    0.4330         0
   -1.2596   -2.5146    0.5101   -0.3828    0.4146         0
   -1.2303   -2.5187    0.5139   -0.4084    0.3962         0
   -1.2021   -2.5213    0.5182   -0.4334    0.3780         0
   -1.1763   -2.5208    0.5235   -0.4572    0.3604         0
   -1.1540   -2.5153    0.5305   -0.4792    0.3436         0
   -1.1363   -2.5034    0.5395   -0.4986    0.3279         0
   -1.1234   -2.4848    0.5508   -0.5156    0.3133         0
   -1.1147   -2.4603    0.5640   -0.5302    0.2997         0
   -1.1095   -2.4309    0.5788   -0.5430    0.2869         0
   -1.1070   -2.3975    0.5949   -0.5543    0.2748         0
   -1.1068   -2.3611    0.6121   -0.5644    0.2632         0
   -1.1081   -2.3225    0.6300   -0.5737    0.2519         0
   -1.1103   -2.2826    0.6482   -0.5825    0.2409         0
   -1.1127   -2.2425    0.6666   -0.5912    0.2299         0
   -1.1147   -2.2030    0.6848   -0.6002    0.2188         0
   -1.1156   -2.1650    0.7026   -0.6097    0.2075         0
   -1.1153   -2.1288    0.7197   -0.6199    0.1959         0
   -1.1139   -2.0942    0.7363   -0.6306    0.1841         0
   -1.1115   -2.0609    0.7525   -0.6419    0.1720         0
   -1.1083   -2.0286    0.7684   -0.6536    0.1597         0
   -1.1045   -1.9972    0.7839   -0.6657    0.1473         0
   -1.1003   -1.9664    0.7992   -0.6779    0.1348         0
   -1.0958   -1.9360    0.8144   -0.6903    0.1221         0
   -1.0912   -1.9056    0.8294   -0.7028    0.1094         0
   -1.0866   -1.8751    0.8445   -0.7152    0.0967         0
   -1.0822   -1.8442    0.8596   -0.7274    0.0840         0
   -1.0782   -1.8129    0.8748   -0.7395    0.0713         0
   -1.0743   -1.7811    0.8902   -0.7515    0.0587         0
   -1.0708   -1.7490    0.9056   -0.7633    0.0461         0
   -1.0675   -1.7166    0.9213   -0.7750    0.0336         0
   -1.0645   -1.6839    0.9371   -0.7866    0.0213         0
   -1.0617   -1.6510    0.9530   -0.7980    0.0091         0
   -1.0592   -1.6180    0.9692   -0.8094   -0.0030         0
   -1.0570   -1.5848    0.9856   -0.8207   -0.0149         0
   -1.0549   -1.5516    1.0022   -0.8320   -0.0266         0
   -1.0531   -1.5183    1.0190   -0.8432   -0.0381         0
   -1.0507   -1.4855    1.0354   -0.8546   -0.0499         0
   -1.0464   -1.4538    1.0503   -0.8666   -0.0630         0
   -1.0391   -1.4237    1.0625   -0.8796   -0.0781         0
   -1.0289   -1.3951    1.0723   -0.8936   -0.0952         0
   -1.0161   -1.3679    1.0800   -0.9083   -0.1140         0
   -1.0013   -1.3419    1.0859   -0.9238   -0.1342         0
   -0.9848   -1.3167    1.0904   -0.9397   -0.1555         0
   -0.9670   -1.2922    1.0939   -0.9561   -0.1776         0
   -0.9485   -1.2681    1.0967   -0.9727   -0.2003         0
   -0.9295   -1.2443    1.0991   -0.9895   -0.2233         0
   -0.9106   -1.2204    1.1016   -1.0062   -0.2462         0
   -0.8921   -1.1963    1.1044   -1.0228   -0.2689         0
   -0.8745   -1.1717    1.1080   -1.0391   -0.2910         0
   -0.8576   -1.1468    1.1121   -1.0552   -0.3126         0
   -0.8414   -1.1214    1.1169   -1.0711   -0.3337         0
   -0.8257   -1.0958    1.1221   -1.0868   -0.3544         0
   -0.8105   -1.0699    1.1277   -1.1023   -0.3749         0
   -0.7956   -1.0439    1.1336   -1.1177   -0.3951         0
   -0.7810   -1.0177    1.1396   -1.1331   -0.4152         0
   -0.7664   -0.9915    1.1458   -1.1485   -0.4352         0
   -0.7518   -0.9653    1.1520   -1.1638   -0.4552         0
   -0.7372   -0.9392    1.1580   -1.1792   -0.4753         0
   -0.7223   -0.9131    1.1639   -1.1946   -0.4955         0
   -0.7071   -0.8872    1.1696   -1.2101   -0.5159         0
   -0.6919   -0.8614    1.1751   -1.2257   -0.5364         0
   -0.6764   -0.8356    1.1805   -1.2413   -0.5570         0
   -0.6609   -0.8099    1.1858   -1.2570   -0.5776         0
   -0.6452   -0.7843    1.1910   -1.2727   -0.5984         0
   -0.6295   -0.7587    1.1962   -1.2884   -0.6191         0
   -0.6138   -0.7331    1.2014   -1.3041   -0.6399         0
   -0.5981   -0.7075    1.2065   -1.3198   -0.6607         0
   -0.5824   -0.6819    1.2117   -1.3355   -0.6815         0
   -0.5667   -0.6563    1.2170   -1.3512   -0.7022         0
   -0.5512   -0.6306    1.2223   -1.3668   -0.7229         0
   -0.5357   -0.6049    1.2277   -1.3825   -0.7435         0
   -0.5204   -0.5790    1.2332   -1.3980   -0.7640         0