   -3.0138   -2.2941   -1.9948    0.1425    1.7167         0
   -2.9957   -2.2916   -2.0115    0.1638    1.6936         0
   -2.9827   -2.2865   -2.0184    0.1609    1.6627         0
   -2.9735   -2.2795   -2.0181    0.1389    1.6301         0
   -2.9670   -2.2710   -2.0128    0.1026    1.6018         0
   -2.9622   -2.2616   -2.0050    0.0570    1.5842         0
   -2.9579   -2.2520   -1.9970    0.0067    1.5825         0
   -2.9542   -2.2426   -1.9893   -0.0447    1.5948         0
   -2.9520   -2.2343   -1.9815   -0.0942    1.6143         0
   -2.9519   -2.2277   -1.9734   -0.1392    1.6345         0
   -2.9547   -2.2235   -1.9646   -0.1766    1.6486         0
   -2.9611   -2.2223   -1.9546   -0.2038    1.6500         0
   -2.9720   -2.2250   -1.9431   -0.2179    1.6320         0
   -2.9852   -2.2310   -1.9321   -0.2150    1.5993         0
   -2.9893   -2.2357   -1.9316   -0.1910    1.5966         0
   -2.9877   -2.2394   -1.9389   -0.1538    1.6217         0
   -2.9870   -2.2436   -1.9489   -0.1129    1.6616         0
   -2.9937   -2.2496   -1.9564   -0.0783    1.7035         0
   -3.0143   -2.2589   -1.9564   -0.0595    1.7344         0
   -3.0433   -2.2688   -1.9447   -0.0679    1.7508         0
   -3.0519   -2.2705   -1.9288   -0.0943    1.7773         0
   -3.0600   -2.2746   -1.9212   -0.0988    1.8110         0
   -3.0704   -2.2823   -1.9210   -0.0808    1.8471         0
   -3.0813   -2.2922   -1.9248   -0.0484    1.8811         0
   -3.0907   -2.3032   -1.9292   -0.0093    1.9089         0
   -3.0978   -2.3143   -1.9331    0.0325    1.9286         0
   -3.1021   -2.3248   -1.9369    0.0751    1.9401         0
   -3.1035   -2.3341   -1.9413    0.1170    1.9433         0
   -3.1016   -2.3412   -1.9466    0.1566    1.9380         0
   -3.0961   -2.3457   -1.9533    0.1921    1.9240         0
   -3.0868   -2.3466   -1.9621    0.2220    1.9014         0
   -3.0743   -2.3447   -1.9749    0.2467    1.8746         0
   -3.0619   -2.3440   -1.9976    0.2732    1.8613         0
   -3.0550   -2.3482   -2.0176    0.3054    1.8604         0
   -3.0542   -2.3571   -2.0258    0.3425    1.8626         0
   -3.0567   -2.3688   -2.0263    0.3826    1.8651         0
   -3.0596   -2.3815   -2.0228    0.4239    1.8648         0
   -3.0602   -2.3935   -2.0194    0.4644    1.8589         0
   -3.0555   -2.4028   -2.0200    0.5022    1.8446         0
   -3.0438   -2.4078   -2.0278    0.5348    1.8195         0
   -3.0303   -2.4076   -2.0386    0.5528    1.7873         0
   -3.0233   -2.4019   -2.0455    0.5451    1.7543         0
   -3.0211   -2.3920   -2.0477    0.5168    1.7234         0
   -3.0164   -2.3797   -2.0488    0.4827    1.6954         0
   -3.0013   -2.3670   -2.0523    0.4576    1.6709         0
   -2.9722   -2.3573   -2.0610    0.4559    1.6494         0
   -2.9545   -2.3592   -2.0709    0.4769    1.6202         0
   -2.9450   -2.3617   -2.0771    0.4893    1.5869         0
   -2.9347   -2.3551   -2.0783    0.4728    1.5565         0
   -2.9248   -2.3424   -2.0772    0.4368    1.5318         0
   -2.9181   -2.3280   -2.0770    0.3935    1.5157         0
   -2.9157   -2.3146   -2.0793    0.3505    1.5088         0
   -2.9166   -2.3024   -2.0828    0.3084    1.5097         0
   -2.9198   -2.2915   -2.0860    0.2675    1.5162         0
   -2.9243   -2.2819   -2.0875    0.2279    1.5267         0
   -2.9292   -2.2736   -2.0859    0.1898    1.5392         0
   -2.9332   -2.2666   -2.0798    0.1533    1.5518         0
   -2.9355   -2.2611   -2.0676    0.1187    1.5627         0
   -2.9349   -2.2570   -2.0481    0.0860    1.5699         0
   -2.9298   -2.2541   -2.0213    0.0557    1.5707         0
   -2.9122   -2.2487   -2.0088    0.0301    1.5517         0
   -2.8979   -2.2422   -2.0033    0.0017    1.5289         0
   -2.8920   -2.2358   -1.9977   -0.0317    1.5114         0
   -2.8923   -2.2297   -1.9914   -0.0695    1.5010         0
   -2.8964   -2.2241   -1.9839   -0.1108    1.4992         0
   -2.9019   -2.2191   -1.9745   -0.1547    1.5079         0
   -2.9066   -2.2149   -1.9628   -0.2006    1.5286         0
   -2.9088   -2.2115   -1.9486   -0.2468    1.5611         0
   -2.9116   -2.2098   -1.9341   -0.2867    1.5904         0
   -2.9206   -2.2102   -1.9228   -0.3109    1.5943         0
   -2.9393   -2.2146   -1.9122   -0.3170    1.5669         0
   -2.9541   -2.2229   -1.8829   -0.3412    1.5773         0
   -2.9589   -2.2230   -1.8668   -0.3774    1.5879         0
   -2.9578   -2.2178   -1.8608   -0.4192    1.5946         0
   -2.9551   -2.2122   -1.8568   -0.4616    1.5999         0
   -2.9555   -2.2113   -1.8465   -0.4995    1.6064         0
   -2.9634   -2.2197   -1.8218   -0.5279    1.6168         0
   -2.9817   -2.2297   -1.7991   -0.5443    1.6146         0
   -2.9900   -2.2240   -1.8147   -0.5335    1.5980         0
   -2.9832   -2.2239   -1.8275   -0.4910    1.6138         0
   -2.9800   -2.2265   -1.8390   -0.4422    1.6411         0
   -2.9996   -2.2290   -1.8510   -0.4126    1.6584         0
   -3.0225   -2.2303   -1.8588   -0.4031    1.6837         0
   -3.0289   -2.2345   -1.8540   -0.3985    1.7294         0
   -3.0511   -2.2464   -1.8349   -0.4076    1.7439         0
   -3.0625   -2.2599   -1.8100   -0.4085    1.7446         0
   -3.0741   -2.2662   -1.8077   -0.3982    1.7782         0
   -3.0840   -2.2681   -1.8179   -0.3782    1.8265         0
   -3.0896   -2.2690   -1.8297   -0.3499    1.8697         0
   -3.0900   -2.2709   -1.8367   -0.3149    1.8968         0
   -3.0870   -2.2740   -1.8404   -0.2752    1.9102         0
   -3.0829   -2.2781   -1.8429   -0.2329    1.9137         0
   -3.0798   -2.2832   -1.8462   -0.1900    1.9108         0
   -3.0800   -2.2894   -1.8525   -0.1485    1.9053         0
   -3.0855   -2.2966   -1.8639   -0.1104    1.9007         0
   -3.0985   -2.3047   -1.8823   -0.0777    1.9007         0
   -3.1166   -2.3131   -1.8996   -0.0582    1.9141         0
   -3.1288   -2.3204   -1.8945   -0.0604    1.9504         0
   -3.1365   -2.3275   -1.8809   -0.0657    1.9947         0
   -3.1422   -2.3351   -1.8742   -0.0549    2.0312         0
   -3.1472   -2.3438   -1.8768   -0.0252    2.0550         0
   -3.1519   -2.3538   -1.8831    0.0164    2.0681         0
   -3.1569   -2.3654   -1.8877    0.0627    2.0723         0
   -3.1621   -2.3781   -1.8882    0.1088    2.0697         0
   -3.1659   -2.3901   -1.8872    0.1529    2.0623         0
   -3.1669   -2.3996   -1.8878    0.1938    2.0524         0
   -3.1634   -2.4049   -1.8932    0.2299    2.0420         0
   -3.1539   -2.4043   -1.9062    0.2598    2.0331         0
   -3.1376   -2.3964   -1.9297    0.2828    2.0277         0
   -3.1272   -2.3955   -1.9558    0.3107    2.0226         0
   -3.1256   -2.4036   -1.9697    0.3469    2.0167         0
   -3.1286   -2.4163   -1.9714    0.3882    2.0112         0
   -3.1342   -2.4317   -1.9649    0.4322    2.0065         0
   -3.1401   -2.4478   -1.9547    0.4768    2.0029         0
   -3.1440   -2.4626   -1.9448    0.5199    2.0007         0
   -3.1440   -2.4743   -1.9396    0.5593    2.0004         0
   -3.1376   -2.4808   -1.9433    0.5928    2.0023         0
   -3.1229   -2.4801   -1.9602    0.6183    2.0068         0
   -3.1051   -2.4792   -1.9857    0.6420    2.0060         0
   -3.0980   -2.4899   -1.9992    0.6764    1.9962         0
   -3.0960   -2.5026   -2.0011    0.7140    1.9917         0
   -3.0956   -2.5154   -1.9972    0.7525    1.9871         0
   -3.0933   -2.5266   -1.9931    0.7898    1.9763         0
   -3.0861   -2.5346   -1.9940    0.8237    1.9538         0
   -3.0749   -2.5386   -2.0002    0.8506    1.9208         0
   -3.0628   -2.5382   -2.0092    0.8662    1.8823         0
   -3.0528   -2.5332   -2.0185    0.8661    1.8432         0
   -3.0475   -2.5233   -2.0260    0.8473    1.8081         0
   -3.0419   -2.5102   -2.0328    0.8202    1.7782         0
   -3.0275   -2.4968   -2.0423    0.8025    1.7530         0
   -3.0010   -2.4876   -2.0553    0.8086    1.7296         0
   -2.9824   -2.4900   -2.0631    0.8313    1.6987         0
   -2.9730   -2.4970   -2.0666    0.8529    1.6629         0
   -2.9691   -2.4983   -2.0693    0.8558    1.6278         0
   -2.9657   -2.4888   -2.0734    0.8332    1.5968         0
   -2.9559   -2.4743   -2.0792    0.8034    1.5697         0
   -2.9324   -2.4625   -2.0864    0.7882    1.5453         0
   -2.9067   -2.4612   -2.0927    0.7976    1.5177         0
   -2.8938   -2.4680   -2.0963    0.8160    1.4831         0
   -2.8853   -2.4720   -2.0986    0.8241    1.4466         0
   -2.8754   -2.4670   -2.1006    0.8108    1.4127         0
   -2.8655   -2.4554   -2.1030    0.7814    1.3844         0
   -2.8577   -2.4403   -2.1064    0.7425    1.3644         0
   -2.8541   -2.4253   -2.1112    0.7009    1.3554         0
   -2.8553   -2.4119   -2.1172    0.6606    1.3578         0
   -2.8597   -2.3999   -2.1228    0.6219    1.3681         0
   -2.8654   -2.3886   -2.1265    0.5847    1.3830         0
   -2.8708   -2.3775   -2.1266    0.5488    1.3989         0
   -2.8740   -2.3661   -2.1217    0.5142    1.4121         0
   -2.8732   -2.3536   -2.1100    0.4807    1.4193         0
   -2.8672   -2.3403   -2.0924    0.4484    1.4163         0
   -2.8582   -2.3298   -2.0820    0.4179    1.3976         0
   -2.8489   -2.3220   -2.0802    0.3878    1.3706         0
   -2.8422   -2.3147   -2.0834    0.3562    1.3462         0
   -2.8406   -2.3062   -2.0882    0.3212    1.3349         0
   -2.8441   -2.2960   -2.0918    0.2830    1.3391         0
   -2.8499   -2.2853   -2.0922    0.2433    1.3529         0
   -2.8553   -2.2753   -2.0874    0.2042    1.3699         0
   -2.8575   -2.2671   -2.0754    0.1674    1.3838         0
   -2.8537   -2.2618   -2.0544    0.1351    1.3882         0
   -2.8455   -2.2583   -2.0324    0.1049    1.3787         0
   -2.8381   -2.2537   -2.0209    0.0721    1.3590         0
   -2.8323   -2.2479   -2.0174    0.0370    1.3364         0
   -2.8285   -2.2410   -2.0188    0.0001    1.3184         0
   -2.8276   -2.2328   -2.0219   -0.0381    1.3124         0
   -2.8294   -2.2238   -2.0242   -0.0770    1.3213         0
   -2.8334   -2.2152   -2.0238   -0.1153    1.3406         0
   -2.8388   -2.2082   -2.0189   -0.1519    1.3648         0
   -2.8450   -2.2040   -2.0077   -0.1858    1.3887         0
   -2.8511   -2.2039   -1.9882   -0.2158    1.4070         0
   -2.8564   -2.2089   -1.9592   -0.2408    1.4145         0
   -2.8564   -2.2120   -1.9363   -0.2696    1.4096         0
   -2.8517   -2.2094   -1.9263   -0.3078    1.4002         0
   -2.8495   -2.2064   -1.9161   -0.3512    1.3966         0
   -2.8531   -2.2053   -1.9006   -0.3938    1.4051         0
   -2.8606   -2.2051   -1.8858   -0.4276    1.4265         0
   -2.8700   -2.2045   -1.8786   -0.4444    1.4616         0
   -2.8800   -2.2032   -1.8813   -0.4408    1.5069         0
   -2.8952   -2.2063   -1.8758   -0.4370    1.5400         0
   -2.9138   -2.2154   -1.8499   -0.4554    1.5450         0
   -2.9158   -2.2169   -1.8331   -0.4925    1.5514         0
   -2.9119   -2.2149   -1.8228   -0.5344    1.5623         0
   -2.9179   -2.2165   -1.8097   -0.5676    1.5752         0
   -2.9389   -2.2273   -1.7848   -0.5843    1.5847         0
   -2.9464   -2.2377   -1.7583   -0.6065    1.5838         0
   -2.9469   -2.2388   -1.7455   -0.6417    1.5830         0
   -2.9465   -2.2440   -1.7244   -0.6811    1.5881         0
   -2.9585   -2.2550   -1.6986   -0.7046    1.5993         0
   -2.9845   -2.2631   -1.6831   -0.7141    1.6023         0
   -2.9907   -2.2740   -1.6573   -0.7386    1.6145         0
   -3.0151   -2.2776   -1.6554   -0.7322    1.6390         0
   -3.0173   -2.2697   -1.6796   -0.6987    1.6495         0
   -3.0115   -2.2649   -1.6989   -0.6583    1.6508         0
   -3.0088   -2.2616   -1.7152   -0.6230    1.6482         0
   -3.0154   -2.2515   -1.7428   -0.6010    1.6461         0
   -3.0204   -2.2435   -1.7678   -0.5730    1.6650         0
   -3.0234   -2.2449   -1.7770   -0.5379    1.7008         0
   -3.0370   -2.2539   -1.7711   -0.5167    1.7298         0
   -3.0637   -2.2664   -1.7527   -0.5273    1.7379         0
   -3.0713   -2.2723   -1.7339   -0.5573    1.7570         0
   -3.0769   -2.2769   -1.7221   -0.5762    1.7910         0
   -3.0882   -2.2825   -1.7189   -0.5735    1.8330         0
   -3.1002   -2.2877   -1.7223   -0.5536    1.8731         0
   -3.1073   -2.2909   -1.7305   -0.5211    1.9016         0
   -3.1066   -2.2910   -1.7426   -0.4819    1.9112         0
   -3.1097   -2.2884   -1.7636   -0.4485    1.9109         0
   -3.1223   -2.2848   -1.7910   -0.4260    1.9184         0
   -3.1250   -2.2837   -1.8042   -0.3979    1.9461         0
   -3.1234   -2.2864   -1.8060   -0.3674    1.9848         0
   -3.1255   -2.2943   -1.8016   -0.3400    2.0240         0
   -3.1393   -2.3084   -1.7964   -0.3210    2.0531         0
   -3.1677   -2.3278   -1.7930   -0.3176    2.0665         0
   -3.1783   -2.3364   -1.7795   -0.3383    2.0962         0
   -3.1803   -2.3410   -1.7658   -0.3543    2.1341         0
   -3.1845   -2.3482   -1.7596   -0.3487    2.1693         0
   -3.1903   -2.3573   -1.7597   -0.3252    2.2003         0
   -3.1966   -2.3672   -1.7644   -0.2883    2.2260         0
   -3.2024   -2.3770   -1.7722   -0.2426    2.2454         0
   -3.2067   -2.3857   -1.7813   -0.1926    2.2575         0
   -3.2084   -2.3922   -1.7901   -0.1428    2.2611         0
   -3.2065   -2.3958   -1.7972   -0.0977    2.2556         0
   -3.2027   -2.3969   -1.8058   -0.0592    2.2448         0
   -3.2010   -2.3976   -1.8237   -0.0269    2.2374         0
   -3.2036   -2.4003   -1.8504    0.0019    2.2401         0
   -3.2070   -2.4072   -1.8672    0.0335    2.2525         0
   -3.2106   -2.4173   -1.8740    0.0680    2.2713         0
   -3.2141   -2.4296   -1.8729    0.1047    2.2932         0
   -3.2172   -2.4430   -1.8664    0.1426    2.3148         0
   -3.2197   -2.4564   -1.8566    0.1812    2.3328         0
   -3.2211   -2.4686   -1.8458    0.2195    2.3439         0
   -3.2214   -2.4786   -1.8363    0.2570    2.3448         0
   -3.2201   -2.4853   -1.8302    0.2927    2.3325         0
   -3.2172   -2.4889   -1.8293    0.3265    2.3093         0
   -3.2127   -2.4901   -1.8347    0.3588    2.2820         0
   -3.2065   -2.4901   -1.8476    0.3895    2.2575         0
   -3.1987   -2.4898   -1.8692    0.4192    2.2426         0
   -3.1925   -2.4935   -1.8895    0.4513    2.2408         0
   -3.1919   -2.5049   -1.8931    0.4899    2.2463         0
   -3.1939   -2.5192   -1.8867    0.5306    2.2505         0
   -3.1951   -2.5309   -1.8785    0.5686    2.2452         0
   -3.1925   -2.5357   -1.8757    0.6000    2.2239         0
   -3.1863   -2.5357   -1.8803    0.6264    2.1924         0
   -3.1776   -2.5353   -1.8919    0.6516    2.1612         0
   -3.1676   -2.5390   -1.9102    0.6797    2.1408         0
   -3.1596   -2.5485   -1.9277    0.7120    2.1362         0
   -3.1582   -2.5608   -1.9295    0.7457    2.1411         0
   -3.1612   -2.5746   -1.9197    0.7806    2.1507         0
   -3.1659   -2.5894   -1.9044    0.8169    2.1610         0
   -3.1691   -2.6044   -1.8902    0.8545    2.1677         0
   -3.1681   -2.6189   -1.8833    0.8937    2.1665         0
   -3.1606   -2.6308   -1.8887    0.9318    2.1534         0
   -3.1494   -2.6288   -1.9023    0.9488    2.1248         0
   -3.1359   -2.6179   -1.9198    0.9515    2.0922         0
   -3.1197   -2.6215   -1.9385    0.9776    2.0766         0
   -3.1071   -2.6315   -1.9474    1.0151    2.0604         0
   -3.0988   -2.6423   -1.9478    1.0531    2.0384         0
   -3.0936   -2.6512   -1.9443    1.0851    2.0113         0
   -3.0904   -2.6559   -1.9415    1.1046    1.9799         0
   -3.0878   -2.6538   -1.9438    1.1056    1.9447         0
   -3.0841   -2.6457   -1.9524    1.0911    1.9078         0
   -3.0766   -2.6342   -1.9656    1.0718    1.8720         0
   -3.0628   -2.6223   -1.9817    1.0581    1.8402         0
   -3.0407   -2.6130   -1.9991    1.0606    1.8150         0
   -3.0197   -2.6131   -2.0101    1.0808    1.7893         0
   -3.0081   -2.6213   -2.0127    1.1053    1.7568         0
   -3.0021   -2.6276   -2.0137    1.1194    1.7209         0
   -2.9978   -2.6236   -2.0188    1.1118    1.6846         0
   -2.9905   -2.6120   -2.0281    1.0912    1.6503         0
   -2.9755   -2.5990   -2.0397    1.0733    1.6198         0
   -2.9494   -2.5910   -2.0510    1.0729    1.5939         0
   -2.9271   -2.5939   -2.0564    1.0898    1.5635         0
   -2.9144   -2.6027   -2.0568    1.1104    1.5276         0
   -2.9078   -2.6079   -2.0573    1.1196    1.4913         0
   -2.9037   -2.6015   -2.0621    1.1054    1.4590         0
   -2.8957   -2.5873   -2.0699    1.0779    1.4308         0
   -2.8767   -2.5741   -2.0770    1.0564    1.4051         0
   -2.8489   -2.5700   -2.0804    1.0551    1.3777         0
   -2.8326   -2.5758   -2.0807    1.0662    1.3426         0
   -2.8224   -2.5812   -2.0807    1.0724    1.3045         0
   -2.8125   -2.5783   -2.0825    1.0613    1.2688         0
   -2.8029   -2.5683   -2.0863    1.0354    1.2381         0
   -2.7950   -2.5539   -2.0918    0.9997    1.2147         0
   -2.7902   -2.5377   -2.0988    0.9589    1.2009         0
   -2.7896   -2.5224   -2.1072    0.9180    1.1991         0
   -2.7934   -2.5090   -2.1159    0.8799    1.2085         0
   -2.7991   -2.4964   -2.1230    0.8443    1.2242         0
   -2.8043   -2.4829   -2.1264    0.8104    1.2404         0
   -2.8064   -2.4672   -2.1240    0.7775    1.2518         0
   -2.8032   -2.4479   -2.1142    0.7452    1.2526         0
   -2.7961   -2.4310   -2.1049    0.7134    1.2397         0
   -2.7879   -2.4196   -2.1012    0.6822    1.2163         0
   -2.7799   -2.4117   -2.1020    0.6508    1.1890         0
   -2.7736   -2.4053   -2.1060    0.6187    1.1642         0
   -2.7703   -2.3983   -2.1121    0.5851    1.1484         0
   -2.7713   -2.3890   -2.1190    0.5496    1.1470         0
   -2.7754   -2.3775   -2.1247    0.5127    1.1577         0
   -2.7809   -2.3647   -2.1272    0.4754    1.1749         0
   -2.7858   -2.3515   -2.1242    0.4386    1.1929         0
   -2.7881   -2.3391   -2.1138    0.4035    1.2058         0
   -2.7861   -2.3283   -2.0944    0.3707    1.2081         0
   -2.7809   -2.3197   -2.0773    0.3379    1.1977         0
   -2.7747   -2.3127   -2.0688    0.3034    1.1791         0
   -2.7688   -2.3062   -2.0667    0.2676    1.1586         0
   -2.7644   -2.2993   -2.0689    0.2306    1.1424         0
   -2.7630   -2.2909   -2.0732    0.1929    1.1369         0
   -2.7650   -2.2808   -2.0775    0.1547    1.1446         0
   -2.7694   -2.2699   -2.0800    0.1168    1.1617         0
   -2.7751   -2.2595   -2.0789    0.0800    1.1837         0
   -2.7811   -2.2506   -2.0721    0.0449    1.2061         0
   -2.7861   -2.2445   -2.0580    0.0123    1.2243         0
   -2.7891   -2.2423   -2.0347   -0.0171    1.2339         0
   -2.7888   -2.2427   -2.0076   -0.0461    1.2314         0
   -2.7853   -2.2408   -1.9918   -0.0812    1.2198         0
   -2.7808   -2.2365   -1.9851   -0.1204    1.2075         0
   -2.7781   -2.2301   -1.9836   -0.1607    1.2034         0
   -2.7791   -2.2222   -1.9837   -0.1997    1.2141         0
   -2.7835   -2.2139   -1.9829   -0.2364    1.2363         0
   -2.7900   -2.2069   -1.9788   -0.2705    1.2643         0
   -2.7976   -2.2027   -1.9691   -0.3013    1.2923         0
   -2.8051   -2.2028   -1.9515   -0.3286    1.3145         0
   -2.8115   -2.2086   -1.9238   -0.3518    1.3251         0
   -2.8140   -2.2157   -1.8955   -0.3763    1.3231         0
   -2.8116   -2.2167   -1.8805   -0.4112    1.3172         0
   -2.8091   -2.2160   -1.8674   -0.4547    1.3171         0
   -2.8106   -2.2170   -1.8481   -0.5029    1.3293         0
   -2.8159   -2.2188   -1.8276   -0.5470    1.3519         0
   -2.8246   -2.2196   -1.8128   -0.5773    1.3818         0
   -2.8360   -2.2176   -1.8108   -0.5842    1.4157         0
   -2.8508   -2.2123   -1.8244   -0.5631    1.4482         0
   -2.8773   -2.2161   -1.8084   -0.5740    1.4586         0
   -2.8862   -2.2156   -1.7995   -0.6011    1.4900         0
   -2.8887   -2.2169   -1.7894   -0.6274    1.5230         0
   -2.8994   -2.2286   -1.7622   -0.6454    1.5307         0
   -2.9004   -2.2373   -1.7370   -0.6766    1.5290         0
   -2.9096   -2.2418   -1.7210   -0.7034    1.5510         0
   -2.9230   -2.2539   -1.6947   -0.7191    1.5630         0
   -2.9236   -2.2659   -1.6653   -0.7487    1.5590         0
   -2.9359   -2.2726   -1.6480   -0.7699    1.5782         0
   -2.9550   -2.2860   -1.6212   -0.7836    1.5829         0
   -2.9690   -2.2974   -1.5989   -0.7946    1.5966         0
   -2.9889   -2.3100   -1.5748   -0.8061    1.6049         0
   -2.9948   -2.3243   -1.5446   -0.8270    1.6068         0
   -2.9882   -2.3358   -1.5207   -0.8393    1.6065         0
   -2.9806   -2.3186   -1.5560   -0.8181    1.6081         0
   -2.9610   -2.3103   -1.5722   -0.8082    1.5860         0
   -2.9552   -2.3206   -1.5473   -0.8339    1.5786         0
   -2.9323   -2.3295   -1.5280   -0.8467    1.5716         0
   -2.9154   -2.3157   -1.5578   -0.8249    1.5668         0
   -2.9085   -2.3157   -1.5538   -0.8408    1.5439         0
   -2.8875   -2.3257   -1.5329   -0.8592    1.5351         0
   -2.8719   -2.3114   -1.5627   -0.8437    1.5275         0
   -2.8688   -2.3003   -1.5900   -0.8135    1.5279         0
   -2.8615   -2.2941   -1.6085   -0.7875    1.5071         0
   -2.8446   -2.2925   -1.6126   -0.7905    1.4712         0
   -2.8356   -2.2967   -1.5992   -0.8200    1.4501         0
   -2.8349   -2.3040   -1.5772   -0.8586    1.4450         0
   -2.8391   -2.3120   -1.5552   -0.8891    1.4506         0
   -2.8432   -2.3306   -1.5176   -0.9120    1.4543         0
   -2.8341   -2.3302   -1.5205   -0.9105    1.4543         0
   -2.8271   -2.3157   -1.5524   -0.8854    1.4516         0
   -2.8211   -2.3100   -1.5703   -0.8604    1.4306         0
   -2.8090   -2.3084   -1.5811   -0.8443    1.3916         0
   -2.7972   -2.3089   -1.5841   -0.8442    1.3485         0
   -2.7921   -2.3096   -1.5786   -0.8670    1.3149         0
   -2.7916   -2.3124   -1.5645   -0.9054    1.2975         0
   -2.7841   -2.3235   -1.5425   -0.9368    1.2944         0
   -2.7669   -2.3415   -1.5187   -0.9489    1.2881         0
   -2.7590   -2.3471   -1.5107   -0.9609    1.2428         0
   -2.7505   -2.3437   -1.5206   -0.9668    1.1969         0
   -2.7312   -2.3370   -1.5472   -0.9570    1.1899         0
   -2.7198   -2.3296   -1.5746   -0.9265    1.1826         0
   -2.7181   -2.3248   -1.5889   -0.9041    1.1562         0
   -2.7183   -2.3250   -1.5852   -0.9129    1.1162         0
   -2.7167   -2.3291   -1.5718   -0.9426    1.0716         0
   -2.7106   -2.3351   -1.5588   -0.9777    1.0317         0
   -2.6970   -2.3411   -1.5565   -1.0027    1.0060         0
   -2.6734   -2.3454   -1.5746   -1.0025    1.0032         0
   -2.6586   -2.3442   -1.5981   -0.9777    0.9955         0
   -2.6567   -2.3397   -1.6143   -0.9485    0.9666         0
   -2.6540   -2.3374   -1.6260   -0.9327    0.9265         0
   -2.6470   -2.3388   -1.6335   -0.9341    0.8820         0
   -2.6380   -2.3433   -1.6356   -0.9491    0.8384         0
   -2.6293   -2.3503   -1.6313   -0.9739    0.8009         0
   -2.6230   -2.3592   -1.6195   -1.0048    0.7746         0
   -2.6211   -2.3695   -1.5992   -1.0375    0.7644         0
   -2.6192   -2.3878   -1.5707   -1.0585    0.7677         0
   -2.6116   -2.4097   -1.5482   -1.0731    0.7600         0
   -2.6036   -2.4197   -1.5402   -1.1041    0.7348         0
   -2.6001   -2.4265   -1.5293   -1.1359    0.7228         0
   -2.6003   -2.4323   -1.5133   -1.1687    0.7243         0
   -2.6033   -2.4381   -1.4922   -1.2048    0.7357         0
   -2.6079   -2.4454   -1.4659   -1.2462    0.7536         0
   -2.6132   -2.4543   -1.4356   -1.2925    0.7750         0
   -2.6187   -2.4622   -1.4076   -1.3348    0.7993         0
   -2.6240   -2.4660   -1.3888   -1.3627    0.8264         0
   -2.6286   -2.4625   -1.3862   -1.3655    0.8561         0
   -2.6332   -2.4490   -1.4037   -1.3369    0.8863         0
   -2.6506   -2.4415   -1.3905   -1.3369    0.8866         0
   -2.6399   -2.4671   -1.3677   -1.3491    0.8825         0
   -2.6325   -2.4775   -1.3572   -1.3817    0.8580         0
   -2.6285   -2.4871   -1.3427   -1.4165    0.8426         0
   -2.6274   -2.4964   -1.3247   -1.4518    0.8373         0
   -2.6286   -2.5052   -1.3044   -1.4870    0.8412         0
   -2.6315   -2.5130   -1.2832   -1.5218    0.8533         0
   -2.6357   -2.5194   -1.2625   -1.5555    0.8727         0
   -2.6405   -2.5240   -1.2435   -1.5876    0.8985         0
   -2.6458   -2.5277   -1.2260   -1.6170    0.9277         0
   -2.6513   -2.5334   -1.2066   -1.6418    0.9530         0
   -2.6571   -2.5446   -1.1814   -1.6598    0.9670         0
   -2.6628   -2.5628   -1.1489   -1.6711    0.9650         0
   -2.6663   -2.5803   -1.1189   -1.6881    0.9592         0
   -2.6676   -2.5945   -1.0942   -1.7139    0.9551         0
   -2.6674   -2.6059   -1.0735   -1.7464    0.9535         0
   -2.6665   -2.6151   -1.0556   -1.7832    0.9549         0
   -2.6656   -2.6228   -1.0392   -1.8221    0.9601         0
   -2.6656   -2.6296   -1.0228   -1.8610    0.9698         0
   -2.6673   -2.6360   -1.0052   -1.8976    0.9847         0
   -2.6712   -2.6429   -0.9851   -1.9297    1.0049         0
   -2.6767   -2.6520   -0.9615   -1.9555    1.0254         0
   -2.6824   -2.6659   -0.9336   -1.9734    1.0384         0
   -2.6869   -2.6858   -0.9012   -1.9838    1.0378         0
   -2.6910   -2.7026   -0.8713   -2.0013    1.0324         0
   -2.6949   -2.7124   -0.8469   -2.0318    1.0288         0
   -2.6981   -2.7183   -0.8263   -2.0704    1.0267         0
   -2.7000   -2.7233   -0.8076   -2.1122    1.0261         0
   -2.7001   -2.7307   -0.7891   -2.1521    1.0267         0
   -2.6978   -2.7436   -0.7690   -2.1850    1.0284         0
   -2.6926   -2.7652   -0.7455   -2.2057    1.0308         0
   -2.6845   -2.7947   -0.7214   -2.2069    1.0365         0
   -2.6737   -2.7952   -0.7418   -2.1815    1.0564         0
   -2.6641   -2.7875   -0.7694   -2.1599    1.0474         0
   -2.6603   -2.7748   -0.7956   -2.1365    1.0271         0
   -2.6554   -2.7584   -0.8258   -2.1197    1.0203         0
   -2.6494   -2.7410   -0.8578   -2.1061    1.0272         0
   -2.6480   -2.7253   -0.8836   -2.0828    1.0256         0
   -2.6500   -2.7114   -0.9045   -2.0516    1.0166         0
   -2.6528   -2.6991   -0.9232   -2.0163    1.0043         0
   -2.6538   -2.6882   -0.9424   -1.9809    0.9929         0
   -2.6508   -2.6786   -0.9647   -1.9490    0.9865         0
   -2.6412   -2.6700   -0.9929   -1.9245    0.9892         0
   -2.6363   -2.6507   -1.0246   -1.9141    0.9926         0
   -2.6378   -2.6273   -1.0531   -1.9018    0.9928         0
   -2.6392   -2.6083   -1.0784   -1.8801    0.9940         0
   -2.6404   -2.5933   -1.1009   -1.8509    0.9951         0
   -2.6413   -2.5818   -1.1210   -1.8159    0.9954         0
   -2.6416   -2.5731   -1.1393   -1.7768    0.9938         0
   -2.6412   -2.5669   -1.1561   -1.7354    0.9896         0
   -2.6400   -2.5626   -1.1721   -1.6934    0.9817         0
   -2.6376   -2.5597   -1.1876   -1.6526    0.9694         0
   -2.6340   -2.5577   -1.2031   -1.6148    0.9516         0
   -2.6290   -2.5561   -1.2192   -1.5818    0.9275         0
   -2.6224   -2.5542   -1.2362   -1.5552    0.8965         0
   -2.6150   -2.5486   -1.2576   -1.5360    0.8689         0
   -2.6087   -2.5334   -1.2887   -1.5236    0.8652         0
   -2.6042   -2.5157   -1.3212   -1.5078    0.8734         0
   -2.6014   -2.5010   -1.3494   -1.4841    0.8810         0
   -2.6000   -2.4891   -1.3735   -1.4537    0.8871         0
   -2.5996   -2.4798   -1.3939   -1.4181    0.8908         0
   -2.5999   -2.4731   -1.4109   -1.3786    0.8914         0
   -2.6005   -2.4689   -1.4249   -1.3366    0.8881         0
   -2.6012   -2.4668   -1.4361   -1.2936    0.8801         0
   -2.6015   -2.4669   -1.4449   -1.2508    0.8665         0
   -2.6011   -2.4689   -1.4515   -1.2097    0.8466         0
   -2.5998   -2.4727   -1.4565   -1.1717    0.8196         0
   -2.5971   -2.4780   -1.4602   -1.1379    0.7855         0
   -2.5934   -2.4834   -1.4646   -1.1083    0.7475         0
   -2.5889   -2.4876   -1.4717   -1.0828    0.7097         0
   -2.5838   -2.4890   -1.4836   -1.0611    0.6763         0
   -2.5784   -2.4862   -1.5022   -1.0431    0.6513         0
   -2.5729   -2.4776   -1.5298   -1.0284    0.6387         0
   -2.5679   -2.4647   -1.5637   -1.0135    0.6394         0
   -2.5654   -2.4610   -1.5823   -0.9816    0.6374         0
   -2.5654   -2.4582   -1.5961   -0.9419    0.6339         0
   -2.5674   -2.4422   -1.6241   -0.9128    0.6347         0
   -2.5696   -2.4264   -1.6386   -0.9345    0.6199         0
   -2.5698   -2.4215   -1.6404   -0.9555    0.5988         0
   -2.5681   -2.4161   -1.6619   -0.9180    0.5962         0
   -2.5674   -2.4010   -1.6938   -0.8899    0.5967         0
   -2.5712   -2.3802   -1.7214   -0.8728    0.6001         0
   -2.5751   -2.3690   -1.7380   -0.8380    0.6036         0
   -2.5750   -2.3699   -1.7471   -0.7964    0.5991         0
   -2.5725   -2.3764   -1.7540   -0.7532    0.5898         0
   -2.5691   -2.3822   -1.7640   -0.7135    0.5792         0
   -2.5665   -2.3807   -1.7822   -0.6822    0.5707         0
   -2.5664   -2.3669   -1.8124   -0.6632    0.5680         0
   -2.5685   -2.3531   -1.8382   -0.6412    0.5741         0
   -2.5716   -2.3474   -1.8507   -0.6077    0.5872         0
   -2.5746   -2.3482   -1.8541   -0.5666    0.6032         0
   -2.5764   -2.3539   -1.8527   -0.5214    0.6176         0
   -2.5762   -2.3626   -1.8502   -0.4754    0.6270         0
   -2.5746   -2.3727   -1.8487   -0.4301    0.6316         0
   -2.5724   -2.3822   -1.8496   -0.3865    0.6323         0
   -2.5706   -2.3893   -1.8544   -0.3456    0.6301         0
   -2.5701   -2.3922   -1.8647   -0.3083    0.6262         0
   -2.5718   -2.3889   -1.8819   -0.2757    0.6215         0
   -2.5765   -2.3777   -1.9074   -0.2487    0.6171         0
   -2.5838   -2.3625   -1.9325   -0.2275    0.6235         0
   -2.5908   -2.3549   -1.9362   -0.2105    0.6590         0
   -2.5975   -2.3517   -1.9288   -0.1976    0.7095         0
   -2.6041   -2.3477   -1.9240   -0.1891    0.7574         0
   -2.6109   -2.3379   -1.9353   -0.1851    0.7848         0
   -2.6174   -2.3216   -1.9675   -0.1822    0.7811         0
   -2.6197   -2.3162   -1.9865   -0.1645    0.7695         0
   -2.6181   -2.3218   -1.9909   -0.1330    0.7560         0
   -2.6141   -2.3347   -1.9862   -0.0919    0.7417         0
   -2.6090   -2.3515   -1.9777   -0.0452    0.7279         0
   -2.6041   -2.3687   -1.9710    0.0029    0.7157         0
   -2.6007   -2.3827   -1.9716    0.0481    0.7063         0
   -2.6001   -2.3900   -1.9850    0.0864    0.7010         0
   -2.6032   -2.3892   -2.0113    0.1160    0.7025         0
   -2.6086   -2.3876   -2.0298    0.1459    0.7173         0
   -2.6148   -2.3875   -2.0380    0.1780    0.7411         0
   -2.6204   -2.3897   -2.0388    0.2125    0.7672         0
   -2.6240   -2.3950   -2.0351    0.2492    0.7886         0
   -2.6243   -2.4041   -2.0300    0.2881    0.7987         0
   -2.6220   -2.4161   -2.0273    0.3280    0.7963         0
   -2.6208   -2.4274   -2.0327    0.3662    0.7895         0
   -2.6247   -2.4345   -2.0515    0.3997    0.7873         0
   -2.6306   -2.4395   -2.0671    0.4336    0.7993         0
   -2.6451   -2.4353   -2.0806    0.4637    0.8148         0
   -2.6634   -2.4215   -2.0950    0.4710    0.8358         0
   -2.6739   -2.4089   -2.0992    0.4582    0.8720         0
   -2.6801   -2.3995   -2.0982    0.4415    0.9145         0
   -2.6854   -2.3955   -2.0973    0.4373    0.9545         0
   -2.6920   -2.3977   -2.0996    0.4548    0.9859         0
   -2.6987   -2.4047   -2.1034    0.4890    1.0080         0
   -2.7042   -2.4150   -2.1069    0.5331    1.0209         0
   -2.7073   -2.4269   -2.1080    0.5806    1.0247         0
   -2.7066   -2.4389   -2.1050    0.6252    1.0196         0
   -2.7028   -2.4506   -2.0986    0.6648    1.0078         0
   -2.6976   -2.4628   -2.0915    0.7006    0.9927         0
   -2.6929   -2.4762   -2.0864    0.7340    0.9779         0
   -2.6907   -2.4915   -2.0861    0.7661    0.9670         0
   -2.6926   -2.5094   -2.0932    0.7983    0.9636         0
   -2.6990   -2.5270   -2.1036    0.8308    0.9728         0
   -2.7070   -2.5391   -2.1072    0.8628    0.9951         0
   -2.7147   -2.5475   -2.1050    0.8947    1.0221         0
   -2.7200   -2.5542   -2.0983    0.9272    1.0447         0
   -2.7211   -2.5611   -2.0887    0.9609    1.0540         0
   -2.7174   -2.5702   -2.0779    0.9959    1.0462         0
   -2.7117   -2.5825   -2.0677    1.0310    1.0290         0
   -2.7072   -2.5995   -2.0601    1.0651    1.0111         0
   -2.7069   -2.6222   -2.0573    1.0969    1.0013         0
   -2.7131   -2.6467   -2.0584    1.1261    1.0094         0
   -2.7229   -2.6593   -2.0557    1.1555    1.0352         0
   -2.7285   -2.6664   -2.0478    1.1871    1.0553         0
   -2.7246   -2.6762   -2.0353    1.2218    1.0506         0
   -2.7184   -2.6918   -2.0222    1.2562    1.0337         0
   -2.7207   -2.7149   -2.0138    1.2859    1.0267         0
   -2.7305   -2.7382   -2.0094    1.3107    1.0437         0
   -2.7359   -2.7475   -2.0029    1.3348    1.0757         0
   -2.7483   -2.7496   -1.9989    1.3537    1.1102         0
   -2.7745   -2.7496   -2.0019    1.3614    1.1386         0
   -2.7882   -2.7380   -2.0104    1.3480    1.1735         0
   -2.7905   -2.7197   -2.0211    1.3214    1.2130         0
   -2.7914   -2.7037   -2.0308    1.2932    1.2504         0
   -2.8007   -2.6990   -2.0365    1.2750    1.2786         0
   -2.8275   -2.7127   -2.0355    1.2772    1.2923         0
   -2.8547   -2.7098   -2.0338    1.2764    1.3269         0
   -2.8744   -2.7014   -2.0324    1.2704    1.3831         0
   -2.8873   -2.6930   -2.0325    1.2596    1.4385         0
   -2.8932   -2.6869   -2.0358    1.2428    1.4716         0
   -2.8924   -2.6857   -2.0441    1.2189    1.4605         0
   -2.9023   -2.6875   -2.0485    1.2003    1.4424         0
   -2.9286   -2.6871   -2.0415    1.2013    1.4808         0
   -2.9430   -2.6871   -2.0366    1.2058    1.5205         0
   -2.9494   -2.6876   -2.0329    1.2118    1.5606         0
   -2.9522   -2.6890   -2.0294    1.2172    1.6002         0
   -2.9555   -2.6915   -2.0251    1.2200    1.6386         0
   -2.9636   -2.6953   -2.0191    1.2182    1.6750         0
   -2.9807   -2.7006   -2.0103    1.2097    1.7086         0
   -3.0071   -2.6941   -1.9960    1.1955    1.7255         0
   -3.0272   -2.6807   -1.9824    1.1886    1.7398         0
   -3.0378   -2.6791   -1.9742    1.1905    1.7728         0
   -3.0430   -2.6857   -1.9688    1.1968    1.8176         0
   -3.0469   -2.6970   -1.9636    1.2032    1.8669         0
   -3.0535   -2.7095   -1.9561    1.2051    1.9135         0
   -3.0670   -2.7195   -1.9436    1.1983    1.9505         0
   -3.0881   -2.7186   -1.9265    1.1780    1.9705         0
   -3.1031   -2.7088   -1.9133    1.1620    1.9893         0
   -3.1114   -2.7163   -1.9009    1.1694    2.0264         0
   -3.1192   -2.7313   -1.8864    1.1817    2.0680         0
   -3.1329   -2.7426   -1.8671    1.1800    2.0992         0
   -3.1510   -2.7418   -1.8488    1.1543    2.1165         0
   -3.1609   -2.7321   -1.8452    1.1193    2.1376         0
   -3.1663   -2.7241   -1.8454    1.0914    2.1653         0
   -3.1730   -2.7282   -1.8362    1.0849    2.1998         0
   -3.1835   -2.7407   -1.8160    1.0891    2.2337         0
   -3.1983   -2.7493   -1.7910    1.0776    2.2551         0
   -3.2117   -2.7474   -1.7740    1.0459    2.2693         0
   -3.2187   -2.7379   -1.7715    1.0074    2.2885         0
   -3.2220   -2.7263   -1.7759    0.9690    2.3116         0
   -3.2246   -2.7185   -1.7791    0.9374    2.3374         0
   -3.2295   -2.7200   -1.7730    0.9190    2.3644         0
   -3.2399   -2.7336   -1.7508    0.9121    2.3898         0
   -3.2529   -2.7413   -1.7234    0.8876    2.4028         0
   -3.2424   -2.7139   -1.7447    0.8852    2.3896         0
   -3.2329   -2.6998   -1.7660    0.8877    2.3669         0
   -3.2295   -2.6728   -1.7760    0.8550    2.3619         0
   -3.2288   -2.6533   -1.7830    0.8168    2.3621         0
   -3.2303   -2.6416   -1.7877    0.7773    2.3671         0
   -3.2334   -2.6360   -1.7899    0.7386    2.3780         0
   -3.2378   -2.6346   -1.7897    0.7023    2.3959         0
   -3.2430   -2.6359   -1.7870    0.6703    2.4216         0
   -3.2487   -2.6377   -1.7805    0.6419    2.4513         0
   -3.2545   -2.6378   -1.7681    0.6141    2.4760         0
   -3.2600   -2.6338   -1.7476    0.5836    2.4872         0
   -3.2637   -2.6258   -1.7286    0.5503    2.4862         0
   -3.2650   -2.6151   -1.7202    0.5155    2.4799         0
   -3.2643   -2.6026   -1.7207    0.4795    2.4703         0
   -3.2623   -2.5891   -1.7277    0.4425    2.4592         0
   -3.2598   -2.5754   -1.7391    0.4046    2.4487         0
   -3.2572   -2.5623   -1.7525    0.3660    2.4405         0
   -3.2554   -2.5507   -1.7657    0.3268    2.4365         0
   -3.2550   -2.5413   -1.7764    0.2871    2.4386         0
   -3.2565   -2.5349   -1.7823    0.2473    2.4484         0
   -3.2595   -2.5312   -1.7817    0.2082    2.4635         0
   -3.2630   -2.5294   -1.7729    0.1712    2.4788         0
   -3.2658   -2.5285   -1.7542    0.1377    2.4893         0
   -3.2669   -2.5272   -1.7276    0.1080    2.4904         0
   -3.2659   -2.5216   -1.7098    0.0776    2.4824         0
   -3.2633   -2.5119   -1.7031    0.0452    2.4676         0
   -3.2597   -2.4995   -1.7048    0.0111    2.4483         0
   -3.2557   -2.4858   -1.7118   -0.0245    2.4272         0
   -3.2519   -2.4722   -1.7212   -0.0614    2.4066         0
   -3.2490   -2.4599   -1.7300   -0.0994    2.3890         0
   -3.2476   -2.4505   -1.7354   -0.1382    2.3769         0
   -3.2483   -2.4453   -1.7344   -0.1777    2.3727         0
   -3.2511   -2.4450   -1.7242   -0.2166    2.3772         0
   -3.2528   -2.4483   -1.7024   -0.2501    2.3834         0
   -3.2507   -2.4519   -1.6720   -0.2753    2.3824         0
   -3.2464   -2.4495   -1.6528   -0.3014    2.3686         0
   -3.2411   -2.4420   -1.6455   -0.3306    2.3455         0
   -3.2360   -2.4316   -1.6459   -0.3629    2.3184         0
   -3.2320   -2.4208   -1.6498   -0.3984    2.2925         0
   -3.2300   -2.4119   -1.6530   -0.4370    2.2731         0
   -3.2309   -2.4071   -1.6512   -0.4786    2.2653         0
   -3.2335   -2.4072   -1.6416   -0.5202    2.2681         0
   -3.2348   -2.4114   -1.6225   -0.5557    2.2755         0
   -3.2316   -2.4190   -1.5925   -0.5795    2.2807         0
   -3.2294   -2.4264   -1.5639   -0.6066    2.2687         0
   -3.2307   -2.4282   -1.5494   -0.6459    2.2382         0
   -3.2258   -2.4205   -1.5476   -0.6788    2.2078         0
   -3.2054   -2.3998   -1.5565   -0.6860    2.1963         0
   -3.1841   -2.3809   -1.5686   -0.6694    2.1820         0
   -3.1734   -2.3724   -1.5793   -0.6451    2.1489         0
   -3.1706   -2.3703   -1.5878   -0.6238    2.1057         0
   -3.1725   -2.3707   -1.5932   -0.6158    2.0615         0
   -3.1761   -2.3698   -1.5949   -0.6305    2.0246         0
   -3.1785   -2.3672   -1.5916   -0.6653    1.9983         0
   -3.1769   -2.3647   -1.5815   -0.7082    1.9818         0
   -3.1684   -2.3645   -1.5630   -0.7472    1.9745         0
   -3.1506   -2.3682   -1.5351   -0.7706    1.9741         0
   -3.1384   -2.3691   -1.5219   -0.7777    1.9412         0
   -3.1317   -2.3617   -1.5323   -0.7743    1.8924         0
   -3.1184   -2.3451   -1.5580   -0.7627    1.8777         0
   -3.1103   -2.3330   -1.5831   -0.7344    1.8749         0
   -3.1072   -2.3279   -1.6003   -0.7021    1.8560         0
   -3.0981   -2.3230   -1.6094   -0.6871    1.8205         0
   -3.0856   -2.3182   -1.6111   -0.6928    1.7783         0
   -3.0770   -2.3152   -1.6061   -0.7166    1.7427         0
   -3.0762   -2.3156   -1.5944   -0.7534    1.7240         0
   -3.0739   -2.3215   -1.5737   -0.7885    1.7201         0
   -3.0606   -2.3330   -1.5444   -0.8076    1.7193         0
   -3.0517   -2.3341   -1.5361   -0.8231    1.6785         0
   -3.0296   -2.3230   -1.5525   -0.8218    1.6555         0
   -3.0405   -2.3107   -1.5795   -0.8076    1.6592         0
   -3.0546   -2.3129   -1.5805   -0.8001    1.6966         0
   -3.0619   -2.3178   -1.5800   -0.7775    1.7316         0
   -3.0675   -2.3158   -1.5963   -0.7373    1.7406         0
   -3.0657   -2.3056   -1.6222   -0.7085    1.7415         0
   -3.0565   -2.2864   -1.6591   -0.6933    1.7440         0
   -3.0715   -2.2942   -1.6486   -0.6975    1.7439         0
   -3.0795   -2.3082   -1.6238   -0.7045    1.7496         0
   -3.0913   -2.3135   -1.6195   -0.7041    1.7875         0
   -3.1024   -2.3144   -1.6263   -0.6927    1.8363         0
   -3.1071   -2.3148   -1.6343   -0.6666    1.8735         0
   -3.1063   -2.3160   -1.6418   -0.6289    1.8925         0
   -3.1057   -2.3166   -1.6528   -0.5877    1.8992         0
   -3.1110   -2.3156   -1.6712   -0.5512    1.8996         0
   -3.1273   -2.3122   -1.6991   -0.5278    1.9012         0
   -3.1440   -2.3151   -1.7093   -0.5247    1.9247         0
   -3.1552   -2.3236   -1.7006   -0.5317    1.9669         0
   -3.1599   -2.3322   -1.6867   -0.5337    2.0138         0
   -3.1573   -2.3357   -1.6806   -0.5162    2.0522         0
   -3.1511   -2.3347   -1.6857   -0.4797    2.0781         0
   -3.1486   -2.3344   -1.6974   -0.4361    2.0948         0
   -3.1568   -2.3400   -1.7106   -0.3976    2.1059         0
   -3.1831   -2.3569   -1.7206   -0.3767    2.1149         0
   -3.1896   -2.3683   -1.6966   -0.3927    2.1169         0
   -3.1848   -2.3688   -1.6710   -0.4292    2.1036         0
   -3.1883   -2.3666   -1.6644   -0.4688    2.0809         0
   -3.1905   -2.3618   -1.6654   -0.5059    2.0565         0
   -3.1816   -2.3544   -1.6628   -0.5351    2.0379         0
   -3.1549   -2.3447   -1.6483   -0.5508    2.0296         0
   -3.1362   -2.3364   -1.6456   -0.5508    2.0020         0
   -3.1296   -2.3301   -1.6551   -0.5450    1.9573         0
   -3.1282   -2.3254   -1.6656   -0.5454    1.9111         0
   -3.1259   -2.3219   -1.6671   -0.5625    1.8777         0
   -3.1218   -2.3200   -1.6581   -0.5954    1.8595         0
   -3.1178   -2.3203   -1.6414   -0.6370    1.8526         0
   -3.1156   -2.3234   -1.6201   -0.6805    1.8532         0
   -3.1169   -2.3298   -1.5972   -0.7189    1.8581         0
   -3.1228   -2.3382   -1.5773   -0.7479    1.8718         0
   -3.1336   -2.3463   -1.5654   -0.7648    1.9017         0
   -3.1450   -2.3524   -1.5619   -0.7666    1.9425         0
   -3.1505   -2.3552   -1.5641   -0.7504    1.9814         0
   -3.1477   -2.3546   -1.5702   -0.7173    2.0097         0
   -3.1435   -2.3531   -1.5800   -0.6761    2.0283         0
   -3.1462   -2.3534   -1.5935   -0.6367    2.0394         0
   -3.1638   -2.3586   -1.6108   -0.6093    2.0450         0
   -3.1912   -2.3679   -1.6239   -0.6040    2.0544         0
   -3.2042   -2.3753   -1.6191   -0.6202    2.0819         0
   -3.2074   -2.3812   -1.6043   -0.6453    2.1213         0
   -3.2065   -2.3865   -1.5882   -0.6665    2.1653         0
   -3.2073   -2.3919   -1.5796   -0.6708    2.2068         0
   -3.2125   -2.3977   -1.5828   -0.6524    2.2406         0
   -3.2192   -2.4030   -1.5932   -0.6179    2.2647         0
   -3.2240   -2.4069   -1.6054   -0.5756    2.2778         0
   -3.2244   -2.4084   -1.6155   -0.5329    2.2791         0
   -3.2221   -2.4069   -1.6276   -0.4941    2.2734         0
   -3.2205   -2.4017   -1.6479   -0.4625    2.2668         0
   -3.2227   -2.3938   -1.6794   -0.4395    2.2660         0
   -3.2272   -2.3929   -1.7012   -0.4149    2.2785         0
   -3.2326   -2.3998   -1.7091   -0.3857    2.3018         0
   -3.2379   -2.4111   -1.7083   -0.3526    2.3298         0
   -3.2421   -2.4235   -1.7039   -0.3166    2.3563         0
   -3.2443   -2.4336   -1.7011   -0.2786    2.3753         0
   -3.2434   -2.4380   -1.7050   -0.2396    2.3809         0
   -3.2404   -2.4363   -1.7193   -0.2021    2.3743         0
   -3.2397   -2.4328   -1.7451   -0.1714    2.3690         0
   -3.2421   -2.4326   -1.7725   -0.1451    2.3736         0
   -3.2452   -2.4377   -1.7886   -0.1156    2.3866         0
   -3.2487   -2.4469   -1.7948   -0.0830    2.4051         0
   -3.2521   -2.4591   -1.7934   -0.0479    2.4267         0
   -3.2552   -2.4728   -1.7866   -0.0107    2.4484         0
   -3.2577   -2.4869   -1.7768    0.0279    2.4676         0
   -3.2593   -2.4999   -1.7662    0.0675    2.4815         0
   -3.2597   -2.5107   -1.7570    0.1076    2.4875         0
   -3.2586   -2.5179   -1.7514    0.1475    2.4830         0
   -3.2561   -2.5215   -1.7515    0.1865    2.4693         0
   -3.2528   -2.5231   -1.7588    0.2237    2.4526         0
   -3.2493   -2.5242   -1.7749    0.2580    2.4394         0
   -3.2464   -2.5267   -1.7995    0.2891    2.4355         0
   -3.2453   -2.5336   -1.8166    0.3222    2.4408         0
   -3.2459   -2.5450   -1.8214    0.3589    2.4521         0
   -3.2478   -2.5592   -1.8171    0.3979    2.4664         0
   -3.2501   -2.5748   -1.8064    0.4382    2.4808         0
   -3.2524   -2.5902   -1.7925    0.4785    2.4924         0
   -3.2540   -2.6037   -1.7782    0.5177    2.4980         0
   -3.2544   -2.6140   -1.7665    0.5546    2.4948         0
   -3.2528   -2.6193   -1.7604    0.5880    2.4797         0
   -3.2489   -2.6192   -1.7624    0.6175    2.4526         0
   -3.2430   -2.6172   -1.7729    0.6451    2.4233         0
   -3.2355   -2.6175   -1.7919    0.6738    2.4041         0
   -3.2284   -2.6222   -1.8116    0.7060    2.3981         0
   -3.2252   -2.6279   -1.8138    0.7422    2.3901         0
   -3.2244   -2.6353   -1.8049    0.7807    2.3798         0
   -3.2241   -2.6453   -1.7934    0.8199    2.3687         0
   -3.2225   -2.6588   -1.7882    0.8579    2.3585         0
   -3.2180   -2.6770   -1.7965    0.8927    2.3514         0
   -3.2217   -2.7025   -1.7873    0.9193    2.3586         0
   -3.2235   -2.7230   -1.7759    0.9529    2.3566         0
   -3.2193   -2.7348   -1.7735    0.9925    2.3390         0
   -3.2114   -2.7387   -1.7785    1.0298    2.3103         0
   -3.2020   -2.7356   -1.7891    1.0566    2.2748         0
   -3.1932   -2.7264   -1.8038    1.0648    2.2368         0
   -3.1842   -2.7145   -1.8218    1.0607    2.2021         0
   -3.1705   -2.7064   -1.8438    1.0674    2.1780         0
   -3.1542   -2.7075   -1.8626    1.0956    2.1621         0
   -3.1442   -2.7163   -1.8670    1.1303    2.1406         0
   -3.1384   -2.7245   -1.8666    1.1572    2.1124         0
   -3.1333   -2.7240   -1.8719    1.1639    2.0779         0
   -3.1262   -2.7152   -1.8851    1.1553    2.0406         0
   -3.1150   -2.7037   -1.9030    1.1460    2.0051         0
   -3.0976   -2.6949   -1.9223    1.1511    1.9765         0
   -3.0767   -2.7004   -1.9391    1.1748    1.9601         0
   -3.0618   -2.7123   -1.9516    1.1928    1.9423         0
   -3.0530   -2.7142   -1.9613    1.1961    1.9111         0
   -3.0474   -2.7089   -1.9693    1.1903    1.8708         0
   -3.0417   -2.6993   -1.9766    1.1812    1.8260         0
   -3.0330   -2.6882   -1.9842    1.1743    1.7811         0
   -3.0180   -2.6787   -1.9931    1.1755    1.7405         0
   -2.9944   -2.6762   -2.0047    1.1886    1.7118         0
   -2.9680   -2.6930   -2.0215    1.1992    1.7008         0
   -2.9468   -2.7009   -2.0361    1.1976    1.6609         0
   -2.9308   -2.7005   -2.0474    1.1885    1.6016         0
   -2.9195   -2.6944   -2.0551    1.1770    1.5367         0
   -2.9125   -2.6856   -2.0586    1.1682    1.4798         0
   -2.9095   -2.6769   -2.0573    1.1674    1.4447         0
   -2.9100   -2.6710   -2.0508    1.1796    1.4450         0
   -2.9083   -2.6688   -2.0423    1.2028    1.4767         0
   -2.8806   -2.6640   -2.0494    1.2040    1.4488         0
   -2.8657   -2.6709   -2.0518    1.2142    1.4044         0
   -2.8626   -2.6847   -2.0480    1.2336    1.3622         0
   -2.8590   -2.6957   -2.0424    1.2525    1.3270         0
   -2.8424   -2.6943   -2.0394    1.2612    1.3034         0
   -2.8167   -2.6776   -2.0436    1.2487    1.2935         0
   -2.8185   -2.6628   -2.0546    1.2140    1.2854         0
   -2.8113   -2.6448   -2.0631    1.1783    1.2665         0
   -2.7930   -2.6453   -2.0631    1.1768    1.2498         0
   -2.8018   -2.6735   -2.0572    1.2108    1.2629         0
   -2.8061   -2.6868   -2.0469    1.2435    1.2768         0
   -2.8056   -2.6965   -2.0354    1.2750    1.2781         0
   -2.8005   -2.7085   -2.0248    1.3042    1.2609         0
   -2.7918   -2.7208   -2.0159    1.3286    1.2296         0
   -2.7804   -2.7309   -2.0091    1.3453    1.1889         0
   -2.7673   -2.7364   -2.0050    1.3514    1.1436         0
   -2.7534   -2.7349   -2.0043    1.3444    1.0989         0
   -2.7411   -2.7272   -2.0076    1.3250    1.0616         0
   -2.7341   -2.7168   -2.0154    1.2969    1.0407         0
   -2.7347   -2.7060   -2.0279    1.2635    1.0423         0
   -2.7394   -2.6921   -2.0412    1.2290    1.0569         0
   -2.7421   -2.6698   -2.0500    1.1976    1.0682         0
   -2.7377   -2.6435   -2.0525    1.1703    1.0605         0
   -2.7288   -2.6318   -2.0561    1.1408    1.0351         0
   -2.7221   -2.6259   -2.0629    1.1087    1.0143         0
   -2.7227   -2.6174   -2.0737    1.0748    1.0149         0
   -2.7282   -2.6047   -2.0853    1.0401    1.0309         0
   -2.7342   -2.5879   -2.0943    1.0055    1.0513         0
   -2.7367   -2.5670   -2.0968    0.9722    1.0652         0
   -2.7326   -2.5437   -2.0912    0.9409    1.0628         0
   -2.7254   -2.5273   -2.0873    0.9099    1.0453         0
   -2.7177   -2.5179   -2.0875    0.8783    1.0200         0
   -2.7111   -2.5120   -2.0912    0.8459    0.9947         0
   -2.7073   -2.5063   -2.0979    0.8123    0.9772         0
   -2.7074   -2.4978   -2.1069    0.7772    0.9739         0
   -2.7108   -2.4862   -2.1162    0.7410    0.9829         0
   -2.7156   -2.4722   -2.1235    0.7044    0.9990         0
   -2.7201   -2.4566   -2.1264    0.6681    1.0165         0
   -2.7226   -2.4403   -2.1224    0.6328    1.0301         0
   -2.7214   -2.4241   -2.1094    0.5991    1.0343         0
   -2.7167   -2.4109   -2.0947    0.5661    1.0257         0
   -2.7105   -2.4021   -2.0868    0.5324    1.0069         0
   -2.7041   -2.3959   -2.0846    0.4978    0.9844         0
   -2.6987   -2.3903   -2.0867    0.4623    0.9642         0
   -2.6959   -2.3834   -2.0918    0.4259    0.9527         0
   -2.6964   -2.3736   -2.0984    0.3887    0.9544         0
   -2.6996   -2.3615   -2.1044    0.3511    0.9667         0
   -2.7043   -2.3485   -2.1075    0.3140    0.9851         0
   -2.7094   -2.3358   -2.1054    0.2779    1.0048         0
   -2.7137   -2.3246   -2.0959    0.2436    1.0214         0
   -2.7161   -2.3160   -2.0766    0.2117    1.0302         0
   -2.7153   -2.3105   -2.0531    0.1802    1.0277         0
   -2.7113   -2.3057   -2.0401    0.1438    1.0172         0
   -2.7070   -2.3002   -2.0358    0.1047    1.0078         0
   -2.7051   -2.2925   -2.0360    0.0656    1.0089         0
   -2.7064   -2.2828   -2.0383    0.0277    1.0220         0
   -2.7103   -2.2719   -2.0407   -0.0086    1.0438         0
   -2.7161   -2.2611   -2.0417   -0.0434    1.0708         0
   -2.7230   -2.2513   -2.0393   -0.0763    1.0996         0
   -2.7303   -2.2434   -2.0318   -0.1072    1.1266         0
   -2.7374   -2.2387   -2.0175   -0.1359    1.1485         0
   -2.7436   -2.2381   -1.9946   -0.1621    1.1619         0
   -2.7476   -2.2414   -1.9644   -0.1875    1.1638         0
   -2.7470   -2.2431   -1.9426   -0.2201    1.1562         0
   -2.7436   -2.2418   -1.9305   -0.2588    1.1467         0
   -2.7405   -2.2379   -1.9248   -0.2996    1.1436         0
   -2.7405   -2.2319   -1.9220   -0.3386    1.1545         0
   -2.7442   -2.2250   -1.9195   -0.3743    1.1783         0
   -2.7507   -2.2189   -1.9143   -0.4064    1.2085         0
   -2.7589   -2.2156   -1.9040   -0.4348    1.2383         0
   -2.7680   -2.2169   -1.8857   -0.4593    1.2610         0
   -2.7768   -2.2243   -1.8571   -0.4798    1.2702         0
   -2.7801   -2.2340   -1.8269   -0.5028    1.2685         0
   -2.7787   -2.2413   -1.8017   -0.5362    1.2725         0
   -2.7804   -2.2473   -1.7759   -0.5772    1.2913         0
   -2.7856   -2.2512   -1.7532   -0.6179    1.3207         0
   -2.7941   -2.2521   -1.7380   -0.6504    1.3554         0
   -2.8056   -2.2489   -1.7349   -0.6664    1.3902         0
   -2.8199   -2.2407   -1.7485   -0.6580    1.4197         0
   -2.8464   -2.2356   -1.7552   -0.6462    1.4322         0
   -2.8680   -2.2368   -1.7424   -0.6660    1.4541         0
   -2.8719   -2.2375   -1.7335   -0.6909    1.4924         0
   -2.8760   -2.2448   -1.7149   -0.7116    1.5172         0
   -2.8851   -2.2597   -1.6825   -0.7304    1.5152         0
   -2.8870   -2.2692   -1.6580   -0.7575    1.5219         0
   -2.8995   -2.2734   -1.6455   -0.7739    1.5539         0
   -2.9200   -2.2888   -1.6137   -0.7912    1.5613         0
   -2.8910   -2.2882   -1.6163   -0.7865    1.5499         0
   -2.8828   -2.2807   -1.6354   -0.7676    1.5188         0
   -2.8706   -2.2663   -1.6664   -0.7508    1.5206         0
   -2.8693   -2.2558   -1.6930   -0.7222    1.5158         0
   -2.8672   -2.2484   -1.7161   -0.6872    1.4914         0
   -2.8581   -2.2453   -1.7303   -0.6615    1.4576         0
   -2.8380   -2.2486   -1.7282   -0.6627    1.4285         0
   -2.8282   -2.2607   -1.7023   -0.6830    1.4200         0
   -2.8165   -2.2757   -1.6728   -0.6995    1.4182         0
   -2.8119   -2.2789   -1.6592   -0.7266    1.3903         0
   -2.8119   -2.2763   -1.6550   -0.7573    1.3509         0
   -2.7997   -2.2781   -1.6515   -0.7809    1.3226         0
   -2.7682   -2.2884   -1.6473   -0.7831    1.3170         0
   -2.7578   -2.2851   -1.6657   -0.7555    1.2899         0
   -2.7585   -2.2810   -1.6751   -0.7469    1.2488         0
   -2.7569   -2.2843   -1.6625   -0.7747    1.2086         0
   -2.7479   -2.2903   -1.6481   -0.8107    1.1784         0
   -2.7271   -2.2933   -1.6539   -0.8242    1.1669         0
   -2.7016   -2.2921   -1.6808   -0.8025    1.1679         0
   -2.6869   -2.2912   -1.7049   -0.7647    1.1615         0
   -2.6809   -2.2907   -1.7239   -0.7207    1.1469         0
   -2.6807   -2.2906   -1.7367   -0.6798    1.1238         0
   -2.6837   -2.2911   -1.7420   -0.6514    1.0919         0
   -2.6872   -2.2922   -1.7386   -0.6448    1.0509         0
   -2.6875   -2.2943   -1.7282   -0.6630    1.0042         0
   -2.6778   -2.2996   -1.7232   -0.6839    0.9683         0
   -2.6518   -2.3102   -1.7372   -0.6814    0.9600         0
   -2.6318   -2.3199   -1.7533   -0.6578    0.9461         0
   -2.6239   -2.3259   -1.7636   -0.6270    0.9162         0
   -2.6241   -2.3279   -1.7699   -0.5986    0.8775         0
   -2.6282   -2.3258   -1.7740   -0.5824    0.8374         0
   -2.6323   -2.3197   -1.7775   -0.5866    0.8024         0
   -2.6353   -2.3112   -1.7798   -0.6101    0.7740         0
   -2.6367   -2.3023   -1.7802   -0.6477    0.7516         0
   -2.6365   -2.2953   -1.7774   -0.6944    0.7348         0
   -2.6343   -2.2922   -1.7705   -0.7453    0.7228         0
   -2.6298   -2.2952   -1.7584   -0.7953    0.7153         0
   -2.6229   -2.3064   -1.7401   -0.8394    0.7117         0
   -2.6133   -2.3279   -1.7145   -0.8725    0.7114         0
   -2.6014   -2.3592   -1.6837   -0.8894    0.7136         0
   -2.5997   -2.3479   -1.7068   -0.8803    0.7137         0
   -2.6042   -2.3225   -1.7467   -0.8470    0.7165         0
   -2.6089   -2.3093   -1.7719   -0.7975    0.7246         0
   -2.6136   -2.3055   -1.7854   -0.7388    0.7368         0
   -2.6179   -2.3082   -1.7904   -0.6781    0.7521         0
   -2.6214   -2.3145   -1.7899   -0.6223    0.7694         0
   -2.6238   -2.3217   -1.7873   -0.5785    0.7877         0
   -2.6248   -2.3267   -1.7855   -0.5537    0.8056         0
   -2.6240   -2.3269   -1.7878   -0.5551    0.8223         0
   -2.6212   -2.3193   -1.7977   -0.5874    0.8363         0
   -2.6218   -2.3044   -1.8259   -0.5848    0.8391         0
   -2.6219   -2.3000   -1.8454   -0.5471    0.8445         0
   -2.6209   -2.3047   -1.8511   -0.5045    0.8565         0
   -2.6227   -2.3088   -1.8543   -0.4641    0.8692         0
   -2.6307   -2.3023   -1.8664   -0.4330    0.8765         0
   -2.6458   -2.2826   -1.8890   -0.4174    0.8814         0
   -2.6584   -2.2709   -1.8946   -0.4153    0.9107         0
   -2.6679   -2.2669   -1.8879   -0.4188    0.9567         0
   -2.6751   -2.2666   -1.8789   -0.4197    1.0063         0
   -2.6811   -2.2660   -1.8776   -0.4100    1.0463         0
   -2.6864   -2.2620   -1.8921   -0.3828    1.0650         0
   -2.6894   -2.2584   -1.9121   -0.3446    1.0636         0
   -2.6881   -2.2609   -1.9226   -0.3063    1.0492         0
   -2.6835   -2.2683   -1.9255   -0.2697    1.0269         0
   -2.6770   -2.2777   -1.9263   -0.2353    1.0016         0
   -2.6702   -2.2865   -1.9301   -0.2032    0.9778         0
   -2.6646   -2.2918   -1.9422   -0.1738    0.9602         0
   -2.6618   -2.2911   -1.9678   -0.1472    0.9536         0
   -2.6604   -2.2900   -1.9914   -0.1189    0.9557         0
   -2.6586   -2.2950   -1.9974   -0.0846    0.9603         0
   -2.6576   -2.3032   -1.9945   -0.0457    0.9666         0
   -2.6588   -2.3117   -1.9921   -0.0042    0.9736         0
   -2.6633   -2.3172   -1.9994    0.0383    0.9804         0
   -2.6725   -2.3168   -2.0255    0.0797    0.9861         0
   -2.6804   -2.3119   -2.0256    0.0793    0.9896         0
   -2.6817   -2.3074   -1.9918    0.0370    0.9874         0
   -2.6805   -2.3034   -1.9725   -0.0033    0.9789         0
   -2.6779   -2.2993   -1.9648   -0.0415    0.9680         0
   -2.6749   -2.2946   -1.9653   -0.0786    0.9586         0
   -2.6727   -2.2885   -1.9703   -0.1153    0.9547         0
   -2.6723   -2.2807   -1.9762   -0.1526    0.9601         0
   -2.6742   -2.2711   -1.9801   -0.1905    0.9758         0
   -2.6780   -2.2614   -1.9802   -0.2278    0.9980         0
   -2.6832   -2.2530   -1.9748   -0.2634    1.0225         0
   -2.6893   -2.2477   -1.9624   -0.2958    1.0451         0
   -2.6959   -2.2470   -1.9412   -0.3238    1.0615         0
   -2.7021   -2.2522   -1.9104   -0.3466    1.0678         0
   -2.7016   -2.2588   -1.8841   -0.3736    1.0633         0
   -2.6964   -2.2624   -1.8676   -0.4100    1.0562         0
   -2.6982   -2.2634   -1.8493   -0.4486    1.0578         0
   -2.7049   -2.2618   -1.8331   -0.4819    1.0734         0
   -2.7100   -2.2573   -1.8279   -0.5031    1.1054         0
   -2.7134   -2.2513   -1.8315   -0.5135    1.1488         0
   -2.7188   -2.2462   -1.8344   -0.5195    1.1942         0
   -2.7300   -2.2445   -1.8272   -0.5276    1.2319         0
   -2.7507   -2.2487   -1.8003   -0.5443    1.2522         0
   -2.7542   -2.2585   -1.7733   -0.5604    1.2526         0
   -2.7229   -2.2659   -1.7788   -0.5542    1.2333         0
   -2.7140   -2.2696   -1.7790   -0.5447    1.1907         0
   -2.7156   -2.2710   -1.7798   -0.5327    1.1405         0
   -2.7150   -2.2713   -1.7877   -0.5190    1.0987         0
   -2.7001   -2.2719   -1.8088   -0.5042    1.0810         0
   -2.6845   -2.2724   -1.8332   -0.4787    1.0778         0
   -2.6829   -2.2730   -1.8478   -0.4411    1.0651         0
   -2.6818   -2.2758   -1.8563   -0.4081    1.0387         0
   -2.6751   -2.2813   -1.8609   -0.3890    1.0000         0
   -2.6648   -2.2878   -1.8622   -0.3860    0.9558         0
   -2.6532   -2.2935   -1.8606   -0.4009    0.9134         0
   -2.6429   -2.2967   -1.8563   -0.4353    0.8797         0
   -2.6358   -2.2961   -1.8498   -0.4884    0.8601         0
   -2.6318   -2.2942   -1.8410   -0.5455    0.8513         0
   -2.6304   -2.2943   -1.8296   -0.5879    0.8469         0
   -2.6309   -2.2998   -1.8154   -0.5967    0.8410         0
   -2.6331   -2.3115   -1.7985   -0.5669    0.8314         0
   -2.6380   -2.3167   -1.7811   -0.5667    0.8378         0
   -2.6450   -2.3139   -1.7661   -0.5989    0.8622         0
   -2.6524   -2.3062   -1.7568   -0.6405    0.8998         0
   -2.6589   -2.2968   -1.7563   -0.6685    0.9454         0
   -2.6634   -2.2886   -1.7665   -0.6630    0.9935         0
   -2.6699   -2.2831   -1.7762   -0.6382    1.0336         0
   -2.6855   -2.2808   -1.7663   -0.6291    1.0520         0
   -2.7071   -2.2808   -1.7372   -0.6529    1.0533         0
   -2.7210   -2.2809   -1.7131   -0.6919    1.0617         0
   -2.7283   -2.2810   -1.6950   -0.7363    1.0777         0
   -2.7302   -2.2811   -1.6833   -0.7771    1.1009         0
   -2.7282   -2.2811   -1.6782   -0.8051    1.1308         0
   -2.7237   -2.2812   -1.6800   -0.8112    1.1671         0
   -2.7192   -2.2808   -1.6880   -0.7907    1.2076         0
   -2.7219   -2.2787   -1.6975   -0.7585    1.2438         0
   -2.7402   -2.2731   -1.7028   -0.7339    1.2654         0
   -2.7734   -2.2651   -1.6979   -0.7364    1.2709         0
   -2.7825   -2.2676   -1.6817   -0.7633    1.2988         0
   -2.7852   -2.2736   -1.6680   -0.7737    1.3377         0
   -2.7943   -2.2765   -1.6654   -0.7524    1.3741         0
   -2.8052   -2.2740   -1.6754   -0.7164    1.4029         0
   -2.8127   -2.2645   -1.6989   -0.6845    1.4193         0
   -2.8131   -2.2497   -1.7310   -0.6671    1.4185         0
   -2.8099   -2.2433   -1.7496   -0.6462    1.3978         0
   -2.8043   -2.2443   -1.7568   -0.6202    1.3642         0
   -2.7963   -2.2487   -1.7599   -0.5922    1.3262         0
   -2.7864   -2.2522   -1.7661   -0.5650    1.2922         0
   -2.7747   -2.2508   -1.7827   -0.5417    1.2707         0
   -2.7634   -2.2420   -1.8136   -0.5227    1.2672         0
   -2.7628   -2.2330   -1.8418   -0.4950    1.2686         0
   -2.7629   -2.2305   -1.8583   -0.4625    1.2577         0
   -2.7582   -2.2338   -1.8655   -0.4299    1.2335         0
   -2.7505   -2.2400   -1.8692   -0.3983    1.2029         0
   -2.7416   -2.2457   -1.8752   -0.3685    1.1727         0
   -2.7333   -2.2477   -1.8892   -0.3417    1.1499         0
   -2.7275   -2.2431   -1.9163   -0.3186    1.1411         0
   -2.7257   -2.2372   -1.9457   -0.2923    1.1448         0
   -2.7276   -2.2365   -1.9634   -0.2569    1.1527         0
   -2.7309   -2.2399   -1.9719   -0.2163    1.1593         0
   -2.7332   -2.2458   -1.9746   -0.1748    1.1588         0
   -2.7329   -2.2529   -1.9744   -0.1358    1.1479         0
   -2.7300   -2.2607   -1.9731   -0.0993    1.1284         0
   -2.7253   -2.2688   -1.9722   -0.0651    1.1034         0
   -2.7192   -2.2771   -1.9734   -0.0328    1.0759         0
   -2.7123   -2.2852   -1.9782   -0.0020    1.0489         0
   -2.7052   -2.2927   -1.9881    0.0275    1.0252         0
   -2.6985   -2.2994   -2.0048    0.0562    1.0079         0
   -2.6928   -2.3050   -2.0295    0.0845    1.0000         0
   -2.6911   -2.3098   -2.0523    0.1159    1.0024         0
   -2.6948   -2.3148   -2.0627    0.1528    1.0113         0
   -2.7000   -2.3210   -2.0661    0.1927    1.0208         0
   -2.7029   -2.3288   -2.0683    0.2329    1.0253         0
   -2.7027   -2.3383   -2.0707    0.2721    1.0232         0
   -2.6998   -2.3493   -2.0731    0.3097    1.0140         0
   -2.6948   -2.3614   -2.0754    0.3453    0.9978         0
   -2.6882   -2.3742   -2.0775    0.3781    0.9743         0
   -2.6805   -2.3876   -2.0791    0.4077    0.9432         0
   -2.6719   -2.4008   -2.0799    0.4326    0.9055         0
   -2.6626   -2.4126   -2.0782    0.4478    0.8660         0
   -2.6525   -2.4210   -2.0722    0.4472    0.8306         0
   -2.6417   -2.4244   -2.0605    0.4255    0.8052         0
   -2.6349   -2.4198   -2.0506    0.3881    0.7938         0
   -2.6364   -2.4072   -2.0506    0.3477    0.7954         0
   -2.6394   -2.3943   -2.0498    0.3091    0.8017         0
   -2.6354   -2.3899   -2.0350    0.2758    0.8033         0
   -2.6255   -2.3928   -2.0118    0.2460    0.7932         0
   -2.6181   -2.3938   -1.9983    0.2144    0.7729         0
   -2.6132   -2.3924   -1.9931    0.1809    0.7478         0
   -2.6102   -2.3887   -1.9939    0.1459    0.7238         0
   -2.6087   -2.3826   -1.9985    0.1097    0.7064         0
   -2.6083   -2.3742   -2.0045    0.0726    0.7008         0
   -2.6088   -2.3641   -2.0104    0.0348    0.7063         0
   -2.6100   -2.3531   -2.0146   -0.0032    0.7195         0
   -2.6120   -2.3422   -2.0157   -0.0412    0.7371         0
   -2.6146   -2.3320   -2.0123   -0.0789    0.7558         0
   -2.6179   -2.3235   -2.0030   -0.1159    0.7723         0
   -2.6216   -2.3176   -1.9862   -0.1519    0.7832         0
   -2.6254   -2.3154   -1.9606   -0.1856    0.7857         0
   -2.6194   -2.3303   -1.9277   -0.1945    0.7889         0
   -2.6044   -2.3476   -1.9092   -0.2150    0.7750         0
   -2.5941   -2.3601   -1.9004   -0.2250    0.7413         0
   -2.5878   -2.3678   -1.8984   -0.2300    0.6971         0
   -2.5843   -2.3707   -1.9009   -0.2371    0.6520         0
   -2.5828   -2.3688   -1.9055   -0.2534    0.6154         0
   -2.5822   -2.3627   -1.9097   -0.2832    0.5940         0
   -2.5822   -2.3541   -1.9122   -0.3236    0.5856         0
   -2.5825   -2.3452   -1.9114   -0.3698    0.5870         0
   -2.5830   -2.3380   -1.9057   -0.4176    0.5944         0
   -2.5834   -2.3346   -1.8939   -0.4623    0.6044         0
   -2.5834   -2.3372   -1.8742   -0.4995    0.6136         0
   -2.5829   -2.3477   -1.8455   -0.5248    0.6182         0
   -2.5812   -2.3605   -1.8180   -0.5465    0.6136         0
   -2.5783   -2.3666   -1.8045   -0.5782    0.5994         0
   -2.5753   -2.3672   -1.8002   -0.6177    0.5824         0
   -2.5729   -2.3638   -1.7998   -0.6621    0.5692         0
   -2.5722   -2.3581   -1.7985   -0.7086    0.5655         0
   -2.5730   -2.3522   -1.7936   -0.7542    0.5704         0
   -2.5747   -2.3485   -1.7836   -0.7959    0.5802         0
   -2.5769   -2.3495   -1.7671   -0.8305    0.5912         0
   -2.5791   -2.3576   -1.7423   -0.8551    0.5996         0
   -2.5801   -2.3746   -1.7098   -0.8692    0.6018         0
   -2.5755   -2.3945   -1.6841   -0.8916    0.5960         0
   -2.5751   -2.4022   -1.6651   -0.9244    0.5969         0
   -2.5772   -2.4098   -1.6408   -0.9562    0.6009         0
   -2.5742   -2.4322   -1.6110   -0.9673    0.6024         0
   -2.5726   -2.4422   -1.6072   -0.9330    0.6252         0
   -2.5725   -2.4478   -1.6004   -0.9262    0.6387         0
   -2.5729   -2.4542   -1.5802   -0.9653    0.6366         0
   -2.5743   -2.4581   -1.5585   -1.0196    0.6378         0
   -2.5769   -2.4570   -1.5442   -1.0643    0.6565         0
   -2.5805   -2.4527   -1.5357   -1.0972    0.6893         0
   -2.5850   -2.4476   -1.5293   -1.1208    0.7289         0
   -2.5902   -2.4443   -1.5211   -1.1377    0.7683         0
   -2.5957   -2.4453   -1.5074   -1.1506    0.8003         0
   -2.6014   -2.4531   -1.4844   -1.1620    0.8177         0
   -2.6068   -2.4684   -1.4512   -1.1753    0.8168         0
   -2.6100   -2.4828   -1.4209   -1.1964    0.8108         0
   -2.6112   -2.4943   -1.3965   -1.2256    0.8046         0
   -2.6109   -2.5033   -1.3770   -1.2609    0.7991         0
   -2.6097   -2.5100   -1.3612   -1.3006    0.7954         0
   -2.6082   -2.5149   -1.3482   -1.3428    0.7945         0
   -2.6069   -2.5184   -1.3369   -1.3859    0.7976         0
   -2.6064   -2.5208   -1.3262   -1.4281    0.8056         0
   -2.6073   -2.5225   -1.3152   -1.4674    0.8196         0
   -2.6101   -2.5239   -1.3027   -1.5023    0.8406         0
   -2.6155   -2.5254   -1.2877   -1.5308    0.8696         0
   -2.6229   -2.5295   -1.2680   -1.5517    0.9001         0
   -2.6297   -2.5429   -1.2388   -1.5650    0.9094         0
   -2.6338   -2.5614   -1.2067   -1.5790    0.9044         0
   -2.6352   -2.5767   -1.1806   -1.6016    0.9055         0
   -2.6345   -2.5891   -1.1596   -1.6315    0.9121         0
   -2.6325   -2.5990   -1.1425   -1.6667    0.9227         0
   -2.6300   -2.6070   -1.1279   -1.7056    0.9360         0
   -2.6275   -2.6138   -1.1145   -1.7465    0.9504         0
   -2.6259   -2.6198   -1.1010   -1.7876    0.9644         0
   -2.6257   -2.6256   -1.0862   -1.8271    0.9767         0
   -2.6278   -2.6317   -1.0688   -1.8633    0.9857         0
   -2.6329   -2.6388   -1.0473   -1.8945    0.9901         0
   -2.6416   -2.6473   -1.0206   -1.9189    0.9883         0
   -2.6517   -2.6603   -0.9885   -1.9345    0.9818         0
   -2.6563   -2.6783   -0.9576   -1.9487    0.9776         0
   -2.6583   -2.6924   -0.9327   -1.9730    0.9748         0
   -2.6588   -2.7035   -0.9118   -2.0045    0.9744         0
   -2.6586   -2.7134   -0.8927   -2.0398    0.9780         0
   -2.6585   -2.7234   -0.8729   -2.0752    0.9870         0
   -2.6595   -2.7353   -0.8503   -2.1073    1.0028         0
   -2.6624   -2.7505   -0.8226   -2.1326    1.0265         0
   -2.6675   -2.7663   -0.7921   -2.1524    1.0509         0
   -2.6746   -2.7741   -0.7677   -2.1749    1.0559         0
   -2.6825   -2.7684   -0.7574   -2.2007    1.0333         0
   -2.6879   -2.7583   -0.7613   -2.2042    1.0205         0
   -2.6906   -2.7461   -0.7764   -2.1858    1.0201         0
   -2.6912   -2.7327   -0.7998   -2.1513    1.0274         0
   -2.6899   -2.7188   -0.8286   -2.1066    1.0377         0
   -2.6873   -2.7053   -0.8599   -2.0575    1.0462         0
   -2.6836   -2.6928   -0.8908   -2.0097    1.0481         0
   -2.6794   -2.6822   -0.9183   -1.9691    1.0388         0
   -2.6748   -2.6730   -0.9419   -1.9392    1.0185         0
   -2.6695   -2.6625   -0.9659   -1.9185    0.9990         0
   -2.6632   -2.6474   -0.9951   -1.9050    0.9929         0
   -2.6574   -2.6294   -1.0274   -1.8911    0.9999         0
   -2.6545   -2.6136   -1.0551   -1.8686    1.0067         0
   -2.6538   -2.6003   -1.0786   -1.8388    1.0112         0
   -2.6545   -2.5893   -1.0987   -1.8039    1.0124         0
   -2.6556   -2.5803   -1.1163   -1.7659    1.0092         0
   -2.6564   -2.5732   -1.1322   -1.7269    1.0004         0
   -2.6559   -2.5678   -1.1473   -1.6890    0.9849         0
   -2.6535   -2.5639   -1.1625   -1.6543    0.9616         0
   -2.6488   -2.5604   -1.1791   -1.6244    0.9330         0
   -2.6428   -2.5542   -1.1996   -1.6006    0.9075         0
   -2.6364   -2.5424   -1.2265   -1.5841    0.8941         0
   -2.6310   -2.5243   -1.2593   -1.5724    0.8971         0
   -2.6280   -2.5081   -1.2884   -1.5520    0.9034         0
   -2.6270   -2.4955   -1.3120   -1.5222    0.9081         0
   -2.6274   -2.4863   -1.3311   -1.4856    0.9095         0
   -2.6281   -2.4802   -1.3464   -1.4453    0.9056         0
   -2.6284   -2.4769   -1.3589   -1.4040    0.8949         0
   -2.6274   -2.4763   -1.3693   -1.3646    0.8753         0
   -2.6245   -2.4777   -1.3788   -1.3296    0.8462         0
   -2.6200   -2.4791   -1.3896   -1.2998    0.8126         0
   -2.6144   -2.4780   -1.4046   -1.2756    0.7813         0
   -2.6084   -2.4718   -1.4264   -1.2573    0.7593         0
   -2.6025   -2.4582   -1.4577   -1.2450    0.7532         0
   -2.5980   -2.4453   -1.4874   -1.2252    0.7565         0
   -2.5959   -2.4416   -1.5040   -1.1875    0.7564         0
   -2.5957   -2.4403   -1.5157   -1.1436    0.7530         0
   -2.5966   -2.4339   -1.5315   -1.1066    0.7473         0
   -2.5982   -2.4153   -1.5597   -1.0885    0.7404         0
   -2.6050   -2.3947   -1.5813   -1.0732    0.7515         0
   -2.6115   -2.3838   -1.5932   -1.0420    0.7722         0
   -2.6121   -2.3683   -1.6208   -1.0165    0.7698         0
   -2.6223   -2.3420   -1.6441   -1.0079    0.7721         0
   -2.6254   -2.3292   -1.6594   -0.9906    0.8042         0
   -2.6246   -2.3271   -1.6669   -0.9677    0.8540         0
   -2.6258   -2.3295   -1.6666   -0.9458    0.9062         0
   -2.6349   -2.3305   -1.6582   -0.9318    0.9455         0
   -2.6578   -2.3238   -1.6418   -0.9323    0.9567         0
   -2.6767   -2.3205   -1.6196   -0.9564    0.9626         0
   -2.6776   -2.3272   -1.6015   -0.9872    0.9911         0
   -2.6742   -2.3306   -1.5983   -0.9931    1.0315         0
   -2.6731   -2.3275   -1.6081   -0.9716    1.0756         0
   -2.6769   -2.3211   -1.6217   -0.9375    1.1166         0
   -2.6880   -2.3142   -1.6299   -0.9056    1.1477         0
   -2.7087   -2.3101   -1.6233   -0.8908    1.1622         0
   -2.7333   -2.3119   -1.5985   -0.9049    1.1615         0
   -2.7391   -2.3191   -1.5752   -0.9354    1.1748         0
   -2.7448   -2.3236   -1.5596   -0.9574    1.2045         0
   -2.7582   -2.3223   -1.5537   -0.9586    1.2444         0
   -2.7694   -2.3183   -1.5579   -0.9401    1.2838         0
   -2.7689   -2.3144   -1.5719   -0.9044    1.3121         0
   -2.7660   -2.3097   -1.5906   -0.8648    1.3263         0
   -2.7834   -2.2999   -1.6054   -0.8421    1.3286         0
   -2.8139   -2.2907   -1.6071   -0.8466    1.3404         0
   -2.8261   -2.2920   -1.5973   -0.8613    1.3806         0
   -2.8275   -2.2974   -1.5871   -0.8678    1.4282         0
   -2.8264   -2.3004   -1.5876   -0.8495    1.4625         0
   -2.8287   -2.2968   -1.6028   -0.8116    1.4764         0
   -2.8381   -2.2844   -1.6309   -0.7791    1.4750         0
   -2.8544   -2.2744   -1.6483   -0.7706    1.4921         0
   -2.8707   -2.2851   -1.6254   -0.7797    1.5165         0
   -2.8757   -2.2974   -1.5968   -0.8040    1.5130         0
   -2.8790   -2.3055   -1.5745   -0.8353    1.5239         0
   -2.8966   -2.3107   -1.5629   -0.8406    1.5463         0
   -2.9089   -2.3030   -1.5837   -0.8108    1.5616         0
   -2.9278   -2.3127   -1.5618   -0.8293    1.5697         0
   -2.9495   -2.3088   -1.5727   -0.8146    1.5836         0
   -2.9453   -2.2930   -1.6067   -0.7907    1.5866         0
   -2.9268   -2.2836   -1.6261   -0.7789    1.5670         0
   -2.9160   -2.2684   -1.6573   -0.7621    1.5672         0
   -2.9145   -2.2583   -1.6833   -0.7319    1.5666         0
   -2.9036   -2.2532   -1.6995   -0.7071    1.5426         0
   -2.8903   -2.2412   -1.7265   -0.6908    1.5318         0
   -2.8870   -2.2308   -1.7528   -0.6648    1.5335         0
   -2.8851   -2.2256   -1.7742   -0.6257    1.5229         0
   -2.8776   -2.2214   -1.7948   -0.5873    1.4982         0
   -2.8665   -2.2206   -1.8029   -0.5706    1.4655         0
   -2.8517   -2.2245   -1.7923   -0.5888    1.4343         0
   -2.8191   -2.2234   -1.8047   -0.5793    1.4264         0
   -2.8027   -2.2252   -1.8132   -0.5535    1.4030         0
   -2.7996   -2.2283   -1.8187   -0.5218    1.3694         0
   -2.8019   -2.2293   -1.8282   -0.4897    1.3366         0
   -2.8016   -2.2250   -1.8484   -0.4629    1.3160         0
   -2.7954   -2.2153   -1.8801   -0.4420    1.3145         0
   -2.7955   -2.2110   -1.9020   -0.4096    1.3205         0
   -2.7992   -2.2125   -1.9132   -0.3692    1.3230         0
   -2.7999   -2.2170   -1.9184   -0.3294    1.3135         0
   -2.7963   -2.2229   -1.9212   -0.2930    1.2926         0
   -2.7899   -2.2288   -1.9247   -0.2596    1.2654         0
   -2.7819   -2.2337   -1.9317   -0.2290    1.2375         0
   -2.7740   -2.2364   -1.9452   -0.2010    1.2139         0
   -2.7675   -2.2356   -1.9682   -0.1752    1.2001         0
   -2.7643   -2.2324   -1.9979   -0.1492    1.1998         0
   -2.7664   -2.2329   -2.0168   -0.1159    1.2090         0
   -2.7710   -2.2372   -2.0250   -0.0770    1.2207         0
   -2.7750   -2.2441   -2.0266   -0.0359    1.2279         0
   -2.7754   -2.2522   -2.0254    0.0041    1.2241         0
   -2.7721   -2.2608   -2.0240    0.0421    1.2100         0
   -2.7665   -2.2697   -2.0241    0.0783    1.1897         0
   -2.7600   -2.2783   -2.0276    0.1129    1.1674         0
   -2.7541   -2.2865   -2.0364    0.1459    1.1471         0
   -2.7501   -2.2937   -2.0522    0.1777    1.1330         0
   -2.7494   -2.2997   -2.0760    0.2085    1.1292         0
   -2.7526   -2.3057   -2.0955    0.2408    1.1381         0
   -2.7585   -2.3124   -2.1047    0.2754    1.1559         0
   -2.7650   -2.3198   -2.1064    0.3117    1.1761         0
   -2.7700   -2.3280   -2.1032    0.3490    1.1926         0
   -2.7715   -2.3370   -2.0979    0.3867    1.1988         0
   -2.7688   -2.3468   -2.0929    0.4241    1.1922         0
   -2.7637   -2.3576   -2.0898    0.4610    1.1773         0
   -2.7580   -2.3694   -2.0901    0.4972    1.1592         0
   -2.7540   -2.3825   -2.0954    0.5324    1.1434         0
   -2.7535   -2.3970   -2.1072    0.5665    1.1352         0
   -2.7579   -2.4119   -2.1231    0.5992    1.1395         0
   -2.7653   -2.4240   -2.1319    0.6311    1.1578         0
   -2.7737   -2.4338   -2.1336    0.6626    1.1839         0
   -2.7815   -2.4421   -2.1301    0.6945    1.2110         0
   -2.7867   -2.4499   -2.1234    0.7273    1.2321         0
   -2.7875   -2.4580   -2.1153    0.7615    1.2403         0
   -2.7836   -2.4675   -2.1076    0.7972    1.2332         0
   -2.7775   -2.4791   -2.1016    0.8335    1.2169         0
   -2.7720   -2.4938   -2.0983    0.8692    1.1986         0
   -2.7698   -2.5123   -2.0991    0.9034    1.1853         0
   -2.7735   -2.5351   -2.1047    0.9351    1.1841         0
   -2.7774   -2.5547   -2.1075    0.9669    1.1957         0
   -2.7788   -2.5671   -2.1036    0.9997    1.2160         0
   -2.7815   -2.5757   -2.0959    1.0317    1.2414         0
   -2.7896   -2.5836   -2.0877    1.0606    1.2686         0
   -2.8070   -2.5941   -2.0821    1.0845    1.2942         0
   -2.8328   -2.6047   -2.0810    1.0966    1.3188         0
   -2.8511   -2.5994   -2.0815    1.0856    1.3536         0
   -2.8614   -2.5928   -2.0802    1.0772    1.3913         0
   -2.8672   -2.5998   -2.0753    1.0946    1.4233         0
   -2.8761   -2.6151   -2.0677    1.1238    1.4503         0
   -2.8966   -2.6280   -2.0593    1.1413    1.4756         0
   -2.9240   -2.6303   -2.0532    1.1345    1.5032         0
   -2.9409   -2.6233   -2.0514    1.1151    1.5360         0
   -2.9500   -2.6152   -2.0508    1.0976    1.5722         0
   -2.9553   -2.6149   -2.0481    1.0967    1.6094         0
   -2.9611   -2.6250   -2.0414    1.1152    1.6455         0
   -2.9713   -2.6383   -2.0312    1.1368    1.6784         0
   -2.9900   -2.6464   -2.0184    1.1436    1.7061         0
   -3.0145   -2.6443   -2.0066    1.1261    1.7303         0
   -3.0297   -2.6368   -2.0019    1.1013    1.7600         0
   -3.0375   -2.6304   -2.0003    1.0819    1.7945         0
   -3.0423   -2.6309   -1.9969    1.0793    1.8319         0
   -3.0475   -2.6394   -1.9891    1.0939    1.8698         0
   -3.0551   -2.6518   -1.9772    1.1144    1.9058         0
   -3.0671   -2.6635   -1.9617    1.1287    1.9375         0
   -3.0854   -2.6700   -1.9430    1.1246    1.9622         0
   -3.1051   -2.6679   -1.9277    1.0993    1.9815         0
   -3.1159   -2.6581   -1.9243    1.0647    2.0015         0
   -3.1207   -2.6457   -1.9276    1.0284    2.0239         0
   -3.1237   -2.6360   -1.9313    0.9973    2.0502         0
   -3.1290   -2.6341   -1.9291    0.9786    2.0816         0
   -3.1399   -2.6429   -1.9160    0.9747    2.1170         0
   -3.1564   -2.6504   -1.8943    0.9631    2.1411         0
   -3.1712   -2.6492   -1.8776    0.9338    2.1578         0
   -3.1786   -2.6388   -1.8703    0.9012    2.1756         0
   -3.1822   -2.6174   -1.8623    0.8685    2.1763         0
   -3.1821   -2.5977   -1.8638    0.8325    2.1670         0
   -3.1797   -2.5812   -1.8725    0.7944    2.1539         0
   -3.1766   -2.5679   -1.8849    0.7562    2.1426         0
   -3.1744   -2.5579   -1.8974    0.7194    2.1385         0
   -3.1747   -2.5514   -1.9064    0.6859    2.1472         0
   -3.1785   -2.5484   -1.9090    0.6567    2.1718         0
   -3.1853   -2.5472   -1.9042    0.6301    2.2041         0
   -3.1938   -2.5464   -1.8916    0.6036    2.2338         0
   -3.2030   -2.5441   -1.8707    0.5749    2.2502         0
   -3.2088   -2.5373   -1.8534    0.5415    2.2514         0
   -3.2092   -2.5255   -1.8510    0.5035    2.2466         0
   -3.2071   -2.5122   -1.8574    0.4636    2.2430         0
   -3.2058   -2.5010   -1.8659    0.4245    2.2476         0
   -3.2078   -2.4948   -1.8705    0.3886    2.2654         0
   -3.2126   -2.4927   -1.8692    0.3555    2.2916         0
   -3.2187   -2.4926   -1.8610    0.3243    2.3187         0
   -3.2244   -2.4927   -1.8450    0.2940    2.3394         0
   -3.2284   -2.4908   -1.8208    0.2636    2.3465         0
   -3.2294   -2.4853   -1.8007    0.2323    2.3413         0
   -3.2278   -2.4762   -1.7914    0.1995    2.3283         0
   -3.2243   -2.4646   -1.7905    0.1655    2.3104         0
   -3.2200   -2.4516   -1.7954    0.1302    2.2902         0
   -3.2155   -2.4383   -1.8036    0.0936    2.2705         0
   -3.2118   -2.4258   -1.8127    0.0558    2.2539         0
   -3.2098   -2.4153   -1.8201    0.0168    2.2433         0
   -3.2103   -2.4077   -1.8232   -0.0234    2.2413         0
   -3.2134   -2.4039   -1.8195   -0.0640    2.2488         0
   -3.2165   -2.4033   -1.8061   -0.1011    2.2592         0
   -3.2165   -2.4048   -1.7801   -0.1305    2.2639         0
   -3.2168   -2.4064   -1.7541   -0.1597    2.2571         0
   -3.2211   -2.4063   -1.7399   -0.1961    2.2396         0
   -3.2264   -2.4038   -1.7348   -0.2363    2.2152         0
   -3.2295   -2.3982   -1.7359   -0.2768    2.1874         0
   -3.2275   -2.3890   -1.7403   -0.3139    2.1599         0
   -3.2173   -2.3755   -1.7450   -0.3439    2.1364         0
   -3.1957   -2.3571   -1.7470   -0.3633    2.1206         0
   -3.1673   -2.3371   -1.7483   -0.3649    2.1092         0
   -3.1588   -2.3294   -1.7629   -0.3433    2.0779         0
   -3.1546   -2.3246   -1.7760   -0.3298    2.0386         0
   -3.1462   -2.3176   -1.7801   -0.3379    2.0004         0
   -3.1363   -2.3097   -1.7771   -0.3626    1.9660         0
   -3.1278   -2.3027   -1.7690   -0.3985    1.9376         0
   -3.1237   -2.2981   -1.7578   -0.4404    1.9177         0
   -3.1257   -2.2973   -1.7452   -0.4825    1.9080         0
   -3.1237   -2.2997   -1.7267   -0.5168    1.9060         0
   -3.1070   -2.3030   -1.6990   -0.5374    1.9009         0
   -3.0977   -2.3039   -1.6823   -0.5583    1.8663         0
   -3.0934   -2.3008   -1.6800   -0.5765    1.8176         0
   -3.0850   -2.2922   -1.6911   -0.5848    1.7780         0
   -3.0653   -2.2778   -1.7142   -0.5757    1.7671         0
   -3.0539   -2.2695   -1.7357   -0.5458    1.7522         0
   -3.0478   -2.2664   -1.7461   -0.5277    1.7232         0
   -3.0380   -2.2635   -1.7439   -0.5426    1.6900         0
   -3.0283   -2.2612   -1.7339   -0.5791    1.6612         0
   -3.0233   -2.2599   -1.7211   -0.6232    1.6452         0
   -3.0247   -2.2613   -1.7064   -0.6635    1.6443         0
   -3.0286   -2.2697   -1.6834   -0.6926    1.6500         0
   -3.0306   -2.2842   -1.6517   -0.7110    1.6501         0
   -3.0265   -2.2894   -1.6328   -0.7429    1.6346         0
   -3.0102   -2.3001   -1.6061   -0.7626    1.6306         0
   -2.9862   -2.2894   -1.6243   -0.7574    1.6156         0
   -2.9822   -2.2724   -1.6623   -0.7282    1.6097         0
   -2.9590   -2.2703   -1.6661   -0.7219    1.5993         0
   -2.9436   -2.2569   -1.6952   -0.7011    1.5928         0
   -2.9330   -2.2436   -1.7239   -0.6830    1.5876         0
   -2.9345   -2.2362   -1.7470   -0.6507    1.5898         0
   -2.9369   -2.2351   -1.7616   -0.6100    1.5878         0
   -2.9199   -2.2283   -1.7811   -0.5860    1.5780         0
   -2.9080   -2.2157   -1.8112   -0.5661    1.5767         0
   -2.9037   -2.2107   -1.8345   -0.5265    1.5777         0
   -2.9016   -2.2114   -1.8483   -0.4826    1.5708         0
   -2.8994   -2.2141   -1.8532   -0.4530    1.5479         0
   -2.8942   -2.2151   -1.8511   -0.4514    1.5051         0
   -2.8781   -2.2126   -1.8550   -0.4582    1.4681         0
   -2.8506   -2.2083   -1.8730   -0.4447    1.4582         0
   -2.8395   -2.2104   -1.8819   -0.4133    1.4375         0
   -2.8392   -2.2139   -1.8893   -0.3759    1.4118         0
   -2.8398   -2.2122   -1.9075   -0.3440    1.3946         0
   -2.8365   -2.2044   -1.9380   -0.3204    1.3949         0
   -2.8393   -2.2037   -1.9552   -0.2858    1.4040         0
   -2.8439   -2.2086   -1.9614   -0.2444    1.4103         0
   -2.8444   -2.2151   -1.9636   -0.2038    1.4043         0
   -2.8406   -2.2217   -1.9651   -0.1657    1.3874         0
   -2.8342   -2.2279   -1.9683   -0.1300    1.3645         0
   -2.8270   -2.2330   -1.9755   -0.0967    1.3404         0
   -2.8206   -2.2364   -1.9891   -0.0656    1.3201         0
   -2.8168   -2.2374   -2.0112   -0.0366    1.3083         0
   -2.8172   -2.2370   -2.0389   -0.0084    1.3097         0
   -2.8218   -2.2397   -2.0553    0.0231    1.3242         0
   -2.8287   -2.2455   -2.0613    0.0576    1.3454         0
   -2.8352   -2.2533   -2.0605    0.0945    1.3664         0
   -2.8392   -2.2620   -2.0566    0.1328    1.3799         0
   -2.8387   -2.2708   -2.0530    0.1717    1.3806         0
   -2.8349   -2.2796   -2.0517    0.2106    1.3710         0
   -2.8298   -2.2885   -2.0541    0.2488    1.3560         0
   -2.8255   -2.2976   -2.0617    0.2857    1.3407         0
   -2.8239   -2.3069   -2.0759    0.3207    1.3301         0
   -2.8270   -2.3165   -2.0969    0.3532    1.3295         0
   -2.8343   -2.3258   -2.1106    0.3841    1.3447         0
   -2.8433   -2.3345   -2.1134    0.4148    1.3702         0
   -2.8512   -2.3428   -2.1096    0.4463    1.3958         0
   -2.8550   -2.3511   -2.1035    0.4800    1.4114         0
   -2.8539   -2.3596   -2.0981    0.5162    1.4123         0
   -2.8494   -2.3688   -2.0942    0.5539    1.4024         0
   -2.8434   -2.3793   -2.0923    0.5923    1.3861         0
   -2.8377   -2.3916   -2.0932    0.6305    1.3678         0
   -2.8343   -2.4060   -2.0976    0.6673    1.3521         0
   -2.8351   -2.4233   -2.1060    0.7020    1.3433         0
   -2.8405   -2.4428   -2.1177    0.7343    1.3459         0
   -2.8434   -2.4583   -2.1222    0.7678    1.3623         0
   -2.8458   -2.4692   -2.1191    0.8006    1.3882         0
   -2.8542   -2.4776   -2.1125    0.8279    1.4180         0
   -2.8747   -2.4856   -2.1062    0.8453    1.4457         0
   -2.9031   -2.4896   -2.1023    0.8441    1.4719         0
   -2.9193   -2.4827   -2.0985    0.8238    1.5058         0
   -2.9266   -2.4779   -2.0950    0.8132    1.5415         0
   -2.9307   -2.4856   -2.0915    0.8326    1.5730         0
   -2.9390   -2.5003   -2.0865    0.8643    1.6005         0
   -2.9589   -2.5132   -2.0780    0.8819    1.6250         0
   -2.9859   -2.5166   -2.0678    0.8701    1.6507         0
   -3.0018   -2.5111   -2.0618    0.8452    1.6831         0
   -3.0093   -2.5054   -2.0582    0.8264    1.7187         0
   -3.0129   -2.5083   -2.0549    0.8320    1.7536         0
   -3.0177   -2.5213   -2.0494    0.8603    1.7852         0
   -3.0295   -2.5364   -2.0395    0.8847    1.8121         0
   -3.0527   -2.5455   -2.0237    0.8801    1.8340         0
   -3.0701   -2.5487   -2.0140    0.8650    1.8650         0
   -3.0781   -2.5486   -2.0109    0.8515    1.9047         0
   -3.0837   -2.5466   -2.0074    0.8366    1.9438         0
   -3.0942   -2.5438   -1.9961    0.8172    1.9727         0
   -3.1103   -2.5393   -1.9779    0.7896    1.9869         0
   -3.1138   -2.5260   -1.9771    0.7512    1.9988         0
   -3.1099   -2.5091   -1.9861    0.7087    2.0089         0
   -3.1095   -2.4966   -1.9897    0.6704    2.0143         0
   -3.1234   -2.4960   -1.9732    0.6443    2.0123         0
   -3.1368   -2.4916   -1.9501    0.6166    2.0165         0
   -3.1391   -2.4770   -1.9402    0.5787    2.0249         0
   -3.1368   -2.4604   -1.9401    0.5371    2.0295         0
   -3.1319   -2.4432   -1.9464    0.4934    2.0312         0
   -3.1265   -2.4271   -1.9554    0.4495    2.0309         0
   -3.1225   -2.4136   -1.9636    0.4072    2.0298         0
   -3.1220   -2.4043   -1.9674    0.3682    2.0286         0
   -3.1269   -2.4008   -1.9632    0.3344    2.0285         0
   -3.1394   -2.4046   -1.9475    0.3074    2.0305         0
   -3.1548   -2.4110   -1.9208    0.2838    2.0349         0
   -3.1606   -2.4074   -1.9019    0.2504    2.0411         0
   -3.1646   -2.4008   -1.8964    0.2115    2.0489         0
   -3.1673   -2.3928   -1.8985    0.1697    2.0573         0
   -3.1686   -2.3845   -1.9019    0.1277    2.0653         0
   -3.1686   -2.3770   -1.9004    0.0881    2.0721         0
   -3.1672   -2.3716   -1.8877    0.0534    2.0765         0
   -3.1656   -2.3689   -1.8619    0.0237    2.0762         0
   -3.1683   -2.3651   -1.8489   -0.0145    2.0609         0
   -3.1683   -2.3572   -1.8493   -0.0539    2.0369         0
   -3.1548   -2.3427   -1.8540   -0.0805    2.0155         0
   -3.1273   -2.3241   -1.8572   -0.0849    1.9977         0
   -3.1134   -2.3156   -1.8634   -0.0810    1.9604         0
   -3.1103   -2.3125   -1.8709   -0.0813    1.9166         0
   -3.1115   -2.3087   -1.8774   -0.0962    1.8822         0
   -3.1142   -2.3026   -1.8813   -0.1265    1.8609         0
   -3.1170   -2.2953   -1.8819   -0.1675    1.8503         0
   -3.1189   -2.2878   -1.8782   -0.2148    1.8474         0
   -3.1186   -2.2811   -1.8695   -0.2637    1.8496         0
   -3.1151   -2.2764   -1.8549   -0.3097    1.8542         0
   -3.1070   -2.2747   -1.8336   -0.3481    1.8584         0
   -3.0938   -2.2768   -1.8051   -0.3746    1.8589         0
   -3.0859   -2.2777   -1.7861   -0.3976    1.8354         0
   -3.0824   -2.2738   -1.7840   -0.4181    1.7915         0
   -3.0703   -2.2656   -1.7930   -0.4273    1.7511         0
   -3.0432   -2.2530   -1.8109   -0.4199    1.7389         0
   -3.0308   -2.2408   -1.8347   -0.4158    1.7333         0
   -3.0170   -2.2381   -1.8341   -0.4187    1.6882         0
   -3.0071   -2.2366   -1.8267   -0.4363    1.6457         0
   -3.0033   -2.2329   -1.8208   -0.4695    1.6258         0
   -3.0022   -2.2309   -1.8108   -0.5096    1.6188         0
   -3.0001   -2.2347   -1.7904   -0.5479    1.6133         0
   -2.9916   -2.2459   -1.7603   -0.5687    1.6125         0
   -2.9676   -2.2380   -1.7766   -0.5553    1.6177         0
   -2.9532   -2.2248   -1.8064   -0.5383    1.6173         0
   -2.9458   -2.2152   -1.8341   -0.5110    1.6070         0
   -2.9455   -2.2127   -1.8544   -0.4688    1.5856         0
   -2.9480   -2.2148   -1.8685   -0.4209    1.5628         0
   -2.9490   -2.2185   -1.8781   -0.3764    1.5481         0
   -2.9443   -2.2211   -1.8846   -0.3449    1.5514         0
   -2.9295   -2.2197   -1.8900   -0.3347    1.5810         0
   -2.9095   -2.2116   -1.9136   -0.3183    1.5806         0
   -2.8991   -2.2114   -1.9266   -0.2856    1.5598         0
   -2.8958   -2.2154   -1.9333   -0.2492    1.5404         0
   -2.8939   -2.2149   -1.9518   -0.2185    1.5304         0
   -2.8906   -2.2098   -1.9799   -0.1923    1.5308         0
   -2.8882   -2.2111   -1.9930   -0.1577    1.5330         0
   -2.8870   -2.2174   -1.9956   -0.1170    1.5359         0
   -2.8873   -2.2263   -1.9938   -0.0733    1.5391         0
   -2.8891   -2.2358   -1.9938   -0.0298    1.5420         0
   -2.8927   -2.2435   -2.0017    0.0101    1.5440         0
   -2.8982   -2.2474   -2.0234    0.0433    1.5449         0
   -2.9144   -2.2523   -2.0386    0.0694    1.5612         0
   -2.9296   -2.2595   -2.0414    0.0981    1.5787         0
   -2.9354   -2.2666   -2.0422    0.1324    1.5840         0
   -2.9341   -2.2738   -2.0421    0.1708    1.5798         0
   -2.9279   -2.2814   -2.0421    0.2121    1.5688         0
   -2.9190   -2.2895   -2.0434    0.2547    1.5537         0
   -2.9098   -2.2984   -2.0468    0.2974    1.5375         0
   -2.9024   -2.3083   -2.0536    0.3386    1.5226         0
   -2.8993   -2.3193   -2.0648    0.3771    1.5121         0
   -2.9025   -2.3316   -2.0814    0.4115    1.5084         0
   -2.9089   -2.3442   -2.0976    0.4439    1.5173         0
   -2.9121   -2.3548   -2.1011    0.4779    1.5420         0
   -2.9218   -2.3641   -2.0964    0.5044    1.5721         0
   -2.9484   -2.3729   -2.0891    0.5135    1.5966         0
   -2.9716   -2.3731   -2.0800    0.4959    1.6233         0
   -2.9804   -2.3690   -2.0719    0.4779    1.6564         0
   -2.9833   -2.3729   -2.0691    0.4909    1.6889         0
   -2.9864   -2.3840   -2.0689    0.5250    1.7190         0
   -2.9950   -2.3985   -2.0669    0.5608    1.7457         0
   -3.0147   -2.4129   -2.0588    0.5789    1.7680         0
   -3.0408   -2.4219   -2.0463    0.5696    1.7914         0
   -3.0528   -2.4211   -2.0389    0.5497    1.8250         0
   -3.0628   -2.4159   -2.0242    0.5235    1.8478         0
   -3.0739   -2.4087   -2.0043    0.4915    1.8520         0
   -3.0775   -2.3978   -1.9946    0.4534    1.8502         0
   -3.0758   -2.3849   -1.9927    0.4118    1.8465         0
   -3.0722   -2.3720   -1.9951    0.3694    1.8445         0
   -3.0697   -2.3611   -1.9980    0.3289    1.8476         0
   -3.0715   -2.3540   -1.9980    0.2929    1.8592         0
   -3.0806   -2.3526   -1.9915    0.2642    1.8825         0
   -3.0939   -2.3547   -1.9750    0.2397    1.9067         0
   -3.1034   -2.3548   -1.9494    0.2114    1.9130         0
   -3.1116   -2.3517   -1.9330    0.1760    1.9134         0
   -3.1187   -2.3460   -1.9277    0.1352    1.9128         0
   -3.1233   -2.3384   -1.9288    0.0918    1.9111         0
   -3.1242   -2.3293   -1.9316    0.0485    1.9085         0
   -3.1199   -2.3196   -1.9315    0.0079    1.9051         0
   -3.1092   -2.3097   -1.9239   -0.0271    1.9008         0
   -3.0915   -2.3003   -1.9051   -0.0542    1.8949         0
   -3.0806   -2.2934   -1.8903   -0.0800    1.8687         0
   -3.0765   -2.2875   -1.8885   -0.1029    1.8262         0
   -3.0671   -2.2799   -1.8980   -0.1143    1.7881         0
   -3.0432   -2.2688   -1.9166   -0.1056    1.7715         0
   -3.0296   -2.2654   -1.9330   -0.0794    1.7479         0
   -3.0280   -2.2627   -1.9423   -0.0744    1.7193         0
   -3.0307   -2.2569   -1.9448   -0.0979    1.6921         0
   -3.0322   -2.2495   -1.9415   -0.1380    1.6663         0
   -3.0269   -2.2423   -1.9334   -0.1825    1.6419         0
   -3.0093   -2.2367   -1.9216   -0.2193    1.6188         0
   -2.9778   -2.2338   -1.9096   -0.2373    1.6042         0
   -2.9647   -2.2264   -1.9290   -0.2314    1.6293         0
   -2.9473   -2.2202   -1.9549   -0.2027    1.6108         0
   -2.9352   -2.2200   -1.9688   -0.1669    1.5954         0
   -2.9282   -2.2243   -1.9742   -0.1269    1.5846         0
   -2.9258   -2.2315   -1.9755   -0.0848    1.5775         0
   -2.9273   -2.2400   -1.9768   -0.0430    1.5737         0
   -2.9322   -2.2481   -1.9827   -0.0036    1.5723         0
   -2.9398   -2.2543   -1.9972    0.0311    1.5727         0
   -2.9486   -2.2576   -2.0222    0.0603    1.5757         0
   -2.9520   -2.2618   -2.0400    0.0939    1.5917         0
   -2.9525   -2.2684   -2.0461    0.1304    1.6192         0
   -2.9571   -2.2770   -2.0437    0.1626    1.6507         0
   -2.9729   -2.2871   -2.0364    0.1830    1.6788         0
   -3.0033   -2.2974   -2.0269    0.1840    1.6982         0
   -3.0205   -2.2992   -2.0097    0.1615    1.7209         0
   -3.0337   -2.3004   -1.9821    0.1357    1.7209         0