    3.2694    3.9891    4.2884    0.1425    1.7167         0
    3.2875    3.9916    4.2717    0.1638    1.6936         0
    3.3005    3.9967    4.2647    0.1609    1.6627         0
    3.3097    4.0037    4.2651    0.1389    1.6301         0
    3.3162    4.0122    4.2704    0.1026    1.6018         0
    3.3210    4.0215    4.2782    0.0570    1.5842         0
    3.3253    4.0312    4.2862    0.0067    1.5825         0
    3.3290    4.0406    4.2939   -0.0447    1.5948         0
    3.3312    4.0489    4.3016   -0.0942    1.6143         0
    3.3313    4.0555    4.3097   -0.1392    1.6345         0
    3.3285    4.0597    4.3186   -0.1766    1.6486         0
    3.3220    4.0608    4.3286   -0.2038    1.6500         0
    3.3111    4.0582    4.3401   -0.2179    1.6320         0
    3.2980    4.0522    4.3510   -0.2150    1.5993         0
    3.2939    4.0475    4.3516   -0.1910    1.5966         0
    3.2954    4.0438    4.3443   -0.1538    1.6217         0
    3.2962    4.0396    4.3343   -0.1129    1.6616         0
    3.2895    4.0336    4.3267   -0.0783    1.7035         0
    3.2689    4.0243    4.3268   -0.0595    1.7344         0
    3.2399    4.0144    4.3385   -0.0679    1.7508         0
    3.2313    4.0127    4.3544   -0.0943    1.7773         0
    3.2232    4.0086    4.3620   -0.0988    1.8110         0
    3.2128    4.0009    4.3622   -0.0808    1.8471         0
    3.2019    3.9910    4.3584   -0.0484    1.8811         0
    3.1925    3.9800    4.3540   -0.0093    1.9089         0
    3.1854    3.9689    4.3501    0.0325    1.9286         0
    3.1811    3.9584    4.3463    0.0751    1.9401         0
    3.1797    3.9491    4.3419    0.1170    1.9433         0
    3.1816    3.9419    4.3366    0.1566    1.9380         0
    3.1871    3.9375    4.3299    0.1921    1.9240         0
    3.1964    3.9366    4.3211    0.2220    1.9014         0
    3.2089    3.9385    4.3083    0.2467    1.8746         0
    3.2212    3.9392    4.2855    0.2732    1.8613         0
    3.2281    3.9350    4.2656    0.3054    1.8604         0
    3.2290    3.9261    4.2573    0.3425    1.8626         0
    3.2265    3.9144    4.2569    0.3826    1.8651         0
    3.2236    3.9017    4.2604    0.4239    1.8648         0
    3.2230    3.8897    4.2638    0.4644    1.8589         0
    3.2276    3.8804    4.2632    0.5022    1.8446         0
    3.2394    3.8754    4.2554    0.5348    1.8195         0
    3.2529    3.8756    4.2445    0.5528    1.7873         0
    3.2599    3.8813    4.2377    0.5451    1.7543         0
    3.2620    3.8912    4.2355    0.5168    1.7234         0
    3.2668    3.9035    4.2344    0.4827    1.6954         0
    3.2819    3.9162    4.2309    0.4576    1.6709         0
    3.3110    3.9259    4.2222    0.4559    1.6494         0
    3.3287    3.9240    4.2123    0.4769    1.6202         0
    3.3381    3.9214    4.2060    0.4893    1.5869         0
    3.3485    3.9281    4.2049    0.4728    1.5565         0
    3.3583    3.9408    4.2060    0.4368    1.5318         0
    3.3651    3.9552    4.2062    0.3935    1.5157         0
    3.3675    3.9686    4.2039    0.3505    1.5088         0
    3.3666    3.9808    4.2004    0.3084    1.5097         0
    3.3634    3.9917    4.1972    0.2675    1.5162         0
    3.3588    4.0013    4.1957    0.2279    1.5267         0
    3.3540    4.0096    4.1973    0.1898    1.5392         0
    3.3500    4.0165    4.2034    0.1533    1.5518         0
    3.3477    4.0221    4.2155    0.1187    1.5627         0
    3.3483    4.0262    4.2351    0.0860    1.5699         0
    3.3534    4.0291    4.2619    0.0557    1.5707         0
    3.3710    4.0344    4.2744    0.0301    1.5517         0
    3.3853    4.0410    4.2798    0.0017    1.5289         0
    3.3911    4.0474    4.2854   -0.0317    1.5114         0
    3.3909    4.0534    4.2918   -0.0695    1.5010         0
    3.3868    4.0591    4.2993   -0.1108    1.4992         0
    3.3813    4.0641    4.3087   -0.1547    1.5079         0
    3.3766    4.0683    4.3204   -0.2006    1.5286         0
    3.3744    4.0716    4.3346   -0.2468    1.5611         0
    3.3716    4.0734    4.3491   -0.2867    1.5904         0
    3.3625    4.0729    4.3604   -0.3109    1.5943         0
    3.3439    4.0686    4.3710   -0.3170    1.5669         0
    3.3291    4.0603    4.4003   -0.3412    1.5773         0
    3.3242    4.0602    4.4164   -0.3774    1.5879         0
    3.3254    4.0654    4.4224   -0.4192    1.5946         0
    3.3281    4.0709    4.4264   -0.4616    1.5999         0
    3.3277    4.0719    4.4367   -0.4995    1.6064         0
    3.3198    4.0635    4.4614   -0.5279    1.6168         0
    3.3015    4.0535    4.4841   -0.5443    1.6146         0
    3.2932    4.0591    4.4685   -0.5335    1.5980         0
    3.3000    4.0593    4.4557   -0.4910    1.6138         0
    3.3032    4.0567    4.4442   -0.4422    1.6411         0
    3.2836    4.0542    4.4322   -0.4126    1.6584         0
    3.2607    4.0529    4.4244   -0.4031    1.6837         0
    3.2543    4.0486    4.4292   -0.3985    1.7294         0
    3.2321    4.0368    4.4482   -0.4076    1.7439         0
    3.2207    4.0232    4.4732   -0.4085    1.7446         0
    3.2091    4.0170    4.4755   -0.3982    1.7782         0
    3.1991    4.0150    4.4652   -0.3782    1.8265         0
    3.1936    4.0141    4.4535   -0.3499    1.8697         0
    3.1932    4.0122    4.4465   -0.3149    1.8968         0
    3.1962    4.0092    4.4428   -0.2752    1.9102         0
    3.2003    4.0051    4.4403   -0.2329    1.9137         0
    3.2034    4.0000    4.4369   -0.1900    1.9108         0
    3.2032    3.9938    4.4306   -0.1485    1.9053         0
    3.1977    3.9866    4.4193   -0.1104    1.9007         0
    3.1847    3.9785    4.4008   -0.0777    1.9007         0
    3.1666    3.9701    4.3836   -0.0582    1.9141         0
    3.1544    3.9627    4.3887   -0.0604    1.9504         0
    3.1466    3.9557    4.4023   -0.0657    1.9947         0
    3.1409    3.9481    4.4090   -0.0549    2.0312         0
    3.1360    3.9394    4.4064   -0.0252    2.0550         0
    3.1313    3.9294    4.4000    0.0164    2.0681         0
    3.1263    3.9178    4.3955    0.0627    2.0723         0
    3.1211    3.9051    4.3950    0.1088    2.0697         0
    3.1173    3.8931    4.3960    0.1529    2.0623         0
    3.1163    3.8836    4.3953    0.1938    2.0524         0
    3.1198    3.8782    4.3900    0.2299    2.0420         0
    3.1293    3.8789    4.3770    0.2598    2.0331         0
    3.1456    3.8868    4.3535    0.2828    2.0277         0
    3.1560    3.8877    4.3274    0.3107    2.0226         0
    3.1576    3.8796    4.3134    0.3469    2.0167         0
    3.1546    3.8669    4.3118    0.3882    2.0112         0
    3.1490    3.8515    4.3183    0.4322    2.0065         0
    3.1431    3.8354    4.3285    0.4768    2.0029         0
    3.1391    3.8206    4.3384    0.5199    2.0007         0
    3.1392    3.8089    4.3436    0.5593    2.0004         0
    3.1455    3.8024    4.3398    0.5928    2.0023         0
    3.1603    3.8030    4.3229    0.6183    2.0068         0
    3.1781    3.8040    4.2974    0.6420    2.0060         0
    3.1852    3.7933    4.2840    0.6764    1.9962         0
    3.1872    3.7806    4.2820    0.7140    1.9917         0
    3.1876    3.7678    4.2860    0.7525    1.9871         0
    3.1899    3.7566    4.2901    0.7898    1.9763         0
    3.1970    3.7486    4.2892    0.8237    1.9538         0
    3.2083    3.7446    4.2830    0.8506    1.9208         0
    3.2204    3.7450    4.2740    0.8662    1.8823         0
    3.2303    3.7500    4.2647    0.8661    1.8432         0
    3.2357    3.7599    4.2572    0.8473    1.8081         0
    3.2412    3.7729    4.2504    0.8202    1.7782         0
    3.2557    3.7864    4.2409    0.8025    1.7530         0
    3.2822    3.7956    4.2279    0.8086    1.7296         0
    3.3008    3.7931    4.2201    0.8313    1.6987         0
    3.3101    3.7862    4.2166    0.8529    1.6629         0
    3.3141    3.7849    4.2139    0.8558    1.6278         0
    3.3175    3.7944    4.2097    0.8332    1.5968         0
    3.3273    3.8089    4.2040    0.8034    1.5697         0
    3.3508    3.8206    4.1968    0.7882    1.5453         0
    3.3765    3.8220    4.1905    0.7976    1.5177         0
    3.3893    3.8152    4.1869    0.8160    1.4831         0
    3.3979    3.8111    4.1846    0.8241    1.4466         0
    3.4078    3.8161    4.1826    0.8108    1.4127         0
    3.4177    3.8278    4.1802    0.7814    1.3844         0
    3.4255    3.8428    4.1768    0.7425    1.3644         0
    3.4290    3.8579    4.1720    0.7009    1.3554         0
    3.4278    3.8713    4.1660    0.6606    1.3578         0
    3.4235    3.8833    4.1604    0.6219    1.3681         0
    3.4177    3.8946    4.1567    0.5847    1.3830         0
    3.4124    3.9056    4.1565    0.5488    1.3989         0
    3.4092    3.9171    4.1615    0.5142    1.4121         0
    3.4100    3.9296    4.1732    0.4807    1.4193         0
    3.4160    3.9429    4.1908    0.4484    1.4163         0
    3.4250    3.9533    4.2012    0.4179    1.3976         0
    3.4343    3.9612    4.2030    0.3878    1.3706         0
    3.4410    3.9685    4.1998    0.3562    1.3462         0
    3.4426    3.9770    4.1950    0.3212    1.3349         0
    3.4391    3.9872    4.1914    0.2830    1.3391         0
    3.4333    3.9978    4.1910    0.2433    1.3529         0
    3.4279    4.0079    4.1958    0.2042    1.3699         0
    3.4257    4.0161    4.2078    0.1674    1.3838         0
    3.4295    4.0214    4.2288    0.1351    1.3882         0
    3.4377    4.0249    4.2508    0.1049    1.3787         0
    3.4451    4.0295    4.2623    0.0721    1.3590         0
    3.4509    4.0352    4.2658    0.0370    1.3364         0
    3.4546    4.0422    4.2644    0.0001    1.3184         0
    3.4556    4.0504    4.2613   -0.0381    1.3124         0
    3.4538    4.0594    4.2590   -0.0770    1.3213         0
    3.4498    4.0680    4.2593   -0.1153    1.3406         0
    3.4444    4.0750    4.2643   -0.1519    1.3648         0
    3.4382    4.0792    4.2755   -0.1858    1.3887         0
    3.4321    4.0793    4.2949   -0.2158    1.4070         0
    3.4267    4.0743    4.3240   -0.2408    1.4145         0
    3.4268    4.0712    4.3469   -0.2696    1.4096         0
    3.4314    4.0738    4.3569   -0.3078    1.4002         0
    3.4336    4.0768    4.3671   -0.3512    1.3966         0
    3.4301    4.0779    4.3826   -0.3938    1.4051         0
    3.4226    4.0781    4.3973   -0.4276    1.4265         0
    3.4132    4.0787    4.4046   -0.4444    1.4616         0
    3.4031    4.0800    4.4019   -0.4408    1.5069         0
    3.3880    4.0768    4.4074   -0.4370    1.5400         0
    3.3693    4.0678    4.4333   -0.4554    1.5450         0
    3.3674    4.0663    4.4500   -0.4925    1.5514         0
    3.3713    4.0682    4.4604   -0.5344    1.5623         0
    3.3653    4.0667    4.4735   -0.5676    1.5752         0
    3.3443    4.0559    4.4984   -0.5843    1.5847         0
    3.3368    4.0455    4.5249   -0.6065    1.5838         0
    3.3363    4.0444    4.5377   -0.6417    1.5830         0
    3.3367    4.0392    4.5588   -0.6811    1.5881         0
    3.3247    4.0282    4.5846   -0.7046    1.5993         0
    3.2987    4.0200    4.6001   -0.7141    1.6023         0
    3.2924    4.0092    4.6259   -0.7386    1.6145         0
    3.2681    4.0055    4.6278   -0.7322    1.6390         0
    3.2659    4.0135    4.6036   -0.6987    1.6495         0
    3.2717    4.0183    4.5843   -0.6583    1.6508         0
    3.2744    4.0216    4.5679   -0.6230    1.6482         0
    3.2678    4.0317    4.5403   -0.6010    1.6461         0
    3.2628    4.0396    4.5153   -0.5730    1.6650         0
    3.2598    4.0383    4.5062   -0.5379    1.7008         0
    3.2462    4.0293    4.5121   -0.5167    1.7298         0
    3.2195    4.0168    4.5305   -0.5273    1.7379         0
    3.2119    4.0109    4.5493   -0.5573    1.7570         0
    3.2063    4.0063    4.5611   -0.5762    1.7910         0
    3.1950    4.0007    4.5643   -0.5735    1.8330         0
    3.1830    3.9955    4.5609   -0.5536    1.8731         0
    3.1759    3.9922    4.5527   -0.5211    1.9016         0
    3.1766    3.9922    4.5405   -0.4819    1.9112         0
    3.1735    3.9948    4.5196   -0.4485    1.9109         0
    3.1609    3.9984    4.4921   -0.4260    1.9184         0
    3.1582    3.9995    4.4790   -0.3979    1.9461         0
    3.1598    3.9968    4.4772   -0.3674    1.9848         0
    3.1576    3.9889    4.4815   -0.3400    2.0240         0
    3.1439    3.9747    4.4868   -0.3210    2.0531         0
    3.1155    3.9553    4.4902   -0.3176    2.0665         0
    3.1049    3.9468    4.5037   -0.3383    2.0962         0
    3.1029    3.9421    4.5174   -0.3543    2.1341         0
    3.0987    3.9350    4.5236   -0.3487    2.1693         0
    3.0929    3.9259    4.5235   -0.3252    2.2003         0
    3.0866    3.9160    4.5187   -0.2883    2.2260         0
    3.0807    3.9062    4.5110   -0.2426    2.2454         0
    3.0765    3.8975    4.5019   -0.1926    2.2575         0
    3.0748    3.8910    4.4931   -0.1428    2.2611         0
    3.0767    3.8874    4.4860   -0.0977    2.2556         0
    3.0805    3.8863    4.4774   -0.0592    2.2448         0
    3.0822    3.8856    4.4595   -0.0269    2.2374         0
    3.0796    3.8829    4.4328    0.0019    2.2401         0
    3.0762    3.8760    4.4160    0.0335    2.2525         0
    3.0726    3.8659    4.4092    0.0680    2.2713         0
    3.0691    3.8536    4.4103    0.1047    2.2932         0
    3.0660    3.8402    4.4168    0.1426    2.3148         0
    3.0635    3.8268    4.4266    0.1812    2.3328         0
    3.0621    3.8146    4.4374    0.2195    2.3439         0
    3.0618    3.8046    4.4469    0.2570    2.3448         0
    3.0631    3.7978    4.4530    0.2927    2.3325         0
    3.0660    3.7943    4.4539    0.3265    2.3093         0
    3.0705    3.7931    4.4485    0.3588    2.2820         0
    3.0767    3.7931    4.4356    0.3895    2.2575         0
    3.0845    3.7934    4.4140    0.4192    2.2426         0
    3.0907    3.7897    4.3937    0.4513    2.2408         0
    3.0913    3.7783    4.3901    0.4899    2.2463         0
    3.0893    3.7640    4.3965    0.5306    2.2505         0
    3.0881    3.7523    4.4047    0.5686    2.2452         0
    3.0907    3.7474    4.4074    0.6000    2.2239         0
    3.0969    3.7475    4.4029    0.6264    2.1924         0
    3.1056    3.7479    4.3913    0.6516    2.1612         0
    3.1156    3.7442    4.3730    0.6797    2.1408         0
    3.1236    3.7347    4.3555    0.7120    2.1362         0
    3.1250    3.7224    4.3537    0.7457    2.1411         0
    3.1219    3.7086    4.3635    0.7806    2.1507         0
    3.1173    3.6938    4.3788    0.8169    2.1610         0
    3.1141    3.6788    4.3930    0.8545    2.1677         0
    3.1151    3.6643    4.3999    0.8937    2.1665         0
    3.1226    3.6524    4.3945    0.9318    2.1534         0
    3.1338    3.6544    4.3809    0.9488    2.1248         0
    3.1473    3.6652    4.3634    0.9515    2.0922         0
    3.1635    3.6616    4.3447    0.9776    2.0766         0
    3.1761    3.6517    4.3358    1.0151    2.0604         0
    3.1844    3.6409    4.3354    1.0531    2.0384         0
    3.1895    3.6320    4.3389    1.0851    2.0113         0
    3.1928    3.6273    4.3417    1.1046    1.9799         0
    3.1953    3.6294    4.3394    1.1056    1.9447         0
    3.1991    3.6375    4.3308    1.0911    1.9078         0
    3.2066    3.6490    4.3176    1.0718    1.8720         0
    3.2203    3.6609    4.3014    1.0581    1.8402         0
    3.2425    3.6701    4.2841    1.0606    1.8150         0
    3.2635    3.6700    4.2731    1.0808    1.7893         0
    3.2751    3.6619    4.2704    1.1053    1.7568         0
    3.2811    3.6556    4.2695    1.1194    1.7209         0
    3.2854    3.6596    4.2644    1.1118    1.6846         0
    3.2927    3.6712    4.2550    1.0912    1.6503         0
    3.3077    3.6842    4.2435    1.0733    1.6198         0
    3.3338    3.6922    4.2322    1.0729    1.5939         0
    3.3560    3.6892    4.2268    1.0898    1.5635         0
    3.3688    3.6804    4.2264    1.1104    1.5276         0
    3.3753    3.6753    4.2259    1.1196    1.4913         0
    3.3795    3.6817    4.2211    1.1054    1.4590         0
    3.3875    3.6958    4.2133    1.0779    1.4308         0
    3.4065    3.7091    4.2062    1.0564    1.4051         0
    3.4343    3.7132    4.2028    1.0551    1.3777         0
    3.4506    3.7074    4.2025    1.0662    1.3426         0
    3.4607    3.7020    4.2025    1.0724    1.3045         0
    3.4707    3.7049    4.2007    1.0613    1.2688         0
    3.4803    3.7148    4.1969    1.0354    1.2381         0
    3.4882    3.7293    4.1914    0.9997    1.2147         0
    3.4930    3.7455    4.1843    0.9589    1.2009         0
    3.4935    3.7608    4.1760    0.9180    1.1991         0
    3.4898    3.7742    4.1673    0.8799    1.2085         0
    3.4841    3.7868    4.1602    0.8443    1.2242         0
    3.4789    3.8002    4.1567    0.8104    1.2404         0
    3.4768    3.8160    4.1592    0.7775    1.2518         0
    3.4800    3.8353    4.1689    0.7452    1.2526         0
    3.4870    3.8522    4.1783    0.7134    1.2397         0
    3.4953    3.8636    4.1820    0.6822    1.2163         0
    3.5033    3.8715    4.1812    0.6508    1.1890         0
    3.5096    3.8779    4.1771    0.6187    1.1642         0
    3.5129    3.8849    4.1711    0.5851    1.1484         0
    3.5119    3.8942    4.1642    0.5496    1.1470         0
    3.5077    3.9057    4.1585    0.5127    1.1577         0
    3.5022    3.9185    4.1560    0.4754    1.1749         0
    3.4974    3.9316    4.1589    0.4386    1.1929         0
    3.4950    3.9441    4.1694    0.4035    1.2058         0
    3.4971    3.9549    4.1888    0.3707    1.2081         0
    3.5022    3.9635    4.2059    0.3379    1.1977         0
    3.5085    3.9705    4.2144    0.3034    1.1791         0
    3.5144    3.9770    4.2165    0.2676    1.1586         0
    3.5188    3.9839    4.2143    0.2306    1.1424         0
    3.5202    3.9923    4.2100    0.1929    1.1369         0
    3.5182    4.0024    4.2057    0.1547    1.1446         0
    3.5138    4.0133    4.2031    0.1168    1.1617         0
    3.5080    4.0237    4.2043    0.0800    1.1837         0
    3.5021    4.0326    4.2111    0.0449    1.2061         0
    3.4971    4.0387    4.2252    0.0123    1.2243         0
    3.4941    4.0409    4.2485   -0.0171    1.2339         0
    3.4944    4.0405    4.2756   -0.0461    1.2314         0
    3.4979    4.0424    4.2914   -0.0812    1.2198         0
    3.5024    4.0466    4.2981   -0.1204    1.2075         0
    3.5051    4.0530    4.2996   -0.1607    1.2034         0
    3.5041    4.0610    4.2995   -0.1997    1.2141         0
    3.4997    4.0693    4.3003   -0.2364    1.2363         0
    3.4932    4.0763    4.3044   -0.2705    1.2643         0
    3.4856    4.0805    4.3141   -0.3013    1.2923         0
    3.4781    4.0804    4.3317   -0.3286    1.3145         0
    3.4717    4.0746    4.3594   -0.3518    1.3251         0
    3.4692    4.0674    4.3876   -0.3763    1.3231         0
    3.4716    4.0664    4.4027   -0.4112    1.3172         0
    3.4740    4.0672    4.4158   -0.4547    1.3171         0
    3.4726    4.0662    4.4351   -0.5029    1.3293         0
    3.4673    4.0644    4.4556   -0.5470    1.3519         0
    3.4586    4.0636    4.4704   -0.5773    1.3818         0
    3.4472    4.0656    4.4724   -0.5842    1.4157         0
    3.4324    4.0709    4.4588   -0.5631    1.4482         0
    3.4059    4.0670    4.4748   -0.5740    1.4586         0
    3.3970    4.0676    4.4837   -0.6011    1.4900         0
    3.3945    4.0663    4.4938   -0.6274    1.5230         0
    3.3838    4.0546    4.5210   -0.6454    1.5307         0
    3.3828    4.0459    4.5462   -0.6766    1.5290         0
    3.3736    4.0414    4.5622   -0.7034    1.5510         0
    3.3602    4.0292    4.5885   -0.7191    1.5630         0
    3.3596    4.0173    4.6179   -0.7487    1.5590         0
    3.3473    4.0106    4.6352   -0.7699    1.5782         0
    3.3282    3.9972    4.6620   -0.7836    1.5829         0
    3.3142    3.9858    4.6843   -0.7946    1.5966         0
    3.2943    3.9731    4.7084   -0.8061    1.6049         0
    3.2884    3.9589    4.7385   -0.8270    1.6068         0
    3.2950    3.9474    4.7624   -0.8393    1.6065         0
    3.3026    3.9646    4.7272   -0.8181    1.6081         0
    3.3222    3.9729    4.7110   -0.8082    1.5860         0
    3.3280    3.9626    4.7359   -0.8339    1.5786         0
    3.3509    3.9536    4.7552   -0.8467    1.5716         0
    3.3678    3.9675    4.7254   -0.8249    1.5668         0
    3.3747    3.9675    4.7294   -0.8408    1.5439         0
    3.3957    3.9575    4.7502   -0.8592    1.5351         0
    3.4112    3.9718    4.7205   -0.8437    1.5275         0
    3.4144    3.9829    4.6932   -0.8135    1.5279         0
    3.4216    3.9891    4.6747   -0.7875    1.5071         0
    3.4386    3.9906    4.6706   -0.7905    1.4712         0
    3.4476    3.9865    4.6839   -0.8200    1.4501         0
    3.4483    3.9792    4.7059   -0.8586    1.4450         0
    3.4441    3.9711    4.7280   -0.8891    1.4506         0
    3.4400    3.9526    4.7656   -0.9120    1.4543         0
    3.4490    3.9530    4.7627   -0.9105    1.4543         0
    3.4560    3.9675    4.7308   -0.8854    1.4516         0
    3.4621    3.9732    4.7129   -0.8604    1.4306         0
    3.4741    3.9748    4.7021   -0.8443    1.3916         0
    3.4860    3.9743    4.6991   -0.8442    1.3485         0
    3.4911    3.9736    4.7046   -0.8670    1.3149         0
    3.4916    3.9708    4.7187   -0.9054    1.2975         0
    3.4991    3.9597    4.7407   -0.9368    1.2944         0
    3.5163    3.9417    4.7645   -0.9489    1.2881         0
    3.5242    3.9360    4.7725   -0.9609    1.2428         0
    3.5326    3.9395    4.7626   -0.9668    1.1969         0
    3.5520    3.9462    4.7360   -0.9570    1.1899         0
    3.5634    3.9536    4.7086   -0.9265    1.1826         0
    3.5650    3.9584    4.6943   -0.9041    1.1562         0
    3.5649    3.9581    4.6980   -0.9129    1.1162         0
    3.5664    3.9541    4.7114   -0.9426    1.0716         0
    3.5726    3.9481    4.7244   -0.9777    1.0317         0
    3.5862    3.9420    4.7267   -1.0027    1.0060         0
    3.6098    3.9378    4.7086   -1.0025    1.0032         0
    3.6246    3.9390    4.6851   -0.9777    0.9955         0
    3.6265    3.9435    4.6689   -0.9485    0.9666         0
    3.6292    3.9458    4.6572   -0.9327    0.9265         0
    3.6362    3.9444    4.6497   -0.9341    0.8820         0
    3.6451    3.9399    4.6476   -0.9491    0.8384         0
    3.6539    3.9329    4.6519   -0.9739    0.8009         0
    3.6602    3.9240    4.6637   -1.0048    0.7746         0
    3.6621    3.9137    4.6840   -1.0375    0.7644         0
    3.6640    3.8954    4.7125   -1.0585    0.7677         0
    3.6716    3.8735    4.7350   -1.0731    0.7600         0
    3.6795    3.8635    4.7430   -1.1041    0.7348         0
    3.6831    3.8566    4.7539   -1.1359    0.7228         0
    3.6829    3.8509    4.7699   -1.1687    0.7243         0
    3.6799    3.8450    4.7910   -1.2048    0.7357         0
    3.6753    3.8378    4.8173   -1.2462    0.7536         0
    3.6699    3.8289    4.8476   -1.2925    0.7750         0
    3.6645    3.8209    4.8756   -1.3348    0.7993         0
    3.6592    3.8172    4.8944   -1.3627    0.8264         0
    3.6546    3.8207    4.8970   -1.3655    0.8561         0
    3.6500    3.8342    4.8795   -1.3369    0.8863         0
    3.6325    3.8416    4.8927   -1.3369    0.8866         0
    3.6433    3.8161    4.9155   -1.3491    0.8825         0
    3.6507    3.8057    4.9260   -1.3817    0.8580         0
    3.6547    3.7961    4.9405   -1.4165    0.8426         0
    3.6558    3.7868    4.9585   -1.4518    0.8373         0
    3.6546    3.7780    4.9788   -1.4870    0.8412         0
    3.6517    3.7702    5.0000   -1.5218    0.8533         0
    3.6475    3.7638    5.0207   -1.5555    0.8727         0
    3.6426    3.7592    5.0397   -1.5876    0.8985         0
    3.6374    3.7555    5.0572   -1.6170    0.9277         0
    3.6319    3.7498    5.0766   -1.6418    0.9530         0
    3.6261    3.7386    5.1018   -1.6598    0.9670         0
    3.6204    3.7204    5.1343   -1.6711    0.9650         0
    3.6169    3.7029    5.1643   -1.6881    0.9592         0
    3.6156    3.6887    5.1890   -1.7139    0.9551         0
    3.6158    3.6773    5.2096   -1.7464    0.9535         0
    3.6167    3.6681    5.2275   -1.7832    0.9549         0
    3.6176    3.6604    5.2440   -1.8221    0.9601         0
    3.6176    3.6536    5.2604   -1.8610    0.9698         0
    3.6159    3.6472    5.2780   -1.8976    0.9847         0
    3.6120    3.6403    5.2980   -1.9297    1.0049         0
    3.6065    3.6312    5.3216   -1.9555    1.0254         0
    3.6008    3.6173    5.3496   -1.9734    1.0384         0
    3.5963    3.5974    5.3820   -1.9838    1.0378         0
    3.5922    3.5806    5.4119   -2.0013    1.0324         0
    3.5883    3.5708    5.4363   -2.0318    1.0288         0
    3.5851    3.5649    5.4569   -2.0704    1.0267         0
    3.5832    3.5599    5.4756   -2.1122    1.0261         0
    3.5831    3.5525    5.4940   -2.1521    1.0267         0
    3.5854    3.5396    5.5141   -2.1850    1.0284         0
    3.5906    3.5179    5.5377   -2.2057    1.0308         0
    3.5987    3.4885    5.5618   -2.2069    1.0365         0
    3.6095    3.4880    5.5414   -2.1815    1.0564         0
    3.6191    3.4957    5.5138   -2.1599    1.0474         0
    3.6229    3.5084    5.4876   -2.1365    1.0271         0
    3.6278    3.5248    5.4574   -2.1197    1.0203         0
    3.6338    3.5421    5.4253   -2.1061    1.0272         0
    3.6351    3.5579    5.3996   -2.0828    1.0256         0
    3.6332    3.5718    5.3787   -2.0516    1.0166         0
    3.6304    3.5841    5.3600   -2.0163    1.0043         0
    3.6293    3.5949    5.3408   -1.9809    0.9929         0
    3.6324    3.6046    5.3184   -1.9490    0.9865         0
    3.6419    3.6132    5.2903   -1.9245    0.9892         0
    3.6469    3.6325    5.2586   -1.9141    0.9926         0
    3.6454    3.6559    5.2300   -1.9018    0.9928         0
    3.6440    3.6749    5.2048   -1.8801    0.9940         0
    3.6427    3.6899    5.1823   -1.8509    0.9951         0
    3.6419    3.7014    5.1622   -1.8159    0.9954         0
    3.6415    3.7101    5.1439   -1.7768    0.9938         0
    3.6419    3.7163    5.1270   -1.7354    0.9896         0
    3.6432    3.7205    5.1111   -1.6934    0.9817         0
    3.6456    3.7235    5.0956   -1.6526    0.9694         0
    3.6492    3.7255    5.0800   -1.6148    0.9516         0
    3.6542    3.7271    5.0640   -1.5818    0.9275         0
    3.6608    3.7290    5.0469   -1.5552    0.8965         0
    3.6681    3.7346    5.0256   -1.5360    0.8689         0
    3.6745    3.7498    4.9945   -1.5236    0.8652         0
    3.6790    3.7675    4.9620   -1.5078    0.8734         0
    3.6818    3.7822    4.9338   -1.4841    0.8810         0
    3.6832    3.7941    4.9097   -1.4537    0.8871         0
    3.6836    3.8034    4.8893   -1.4181    0.8908         0
    3.6833    3.8100    4.8723   -1.3786    0.8914         0
    3.6826    3.8143    4.8583   -1.3366    0.8881         0
    3.6820    3.8164    4.8471   -1.2936    0.8801         0
    3.6817    3.8163    4.8383   -1.2508    0.8665         0
    3.6821    3.8143    4.8316   -1.2097    0.8466         0
    3.6834    3.8105    4.8267   -1.1717    0.8196         0
    3.6861    3.8052    4.8229   -1.1379    0.7855         0
    3.6898    3.7997    4.8185   -1.1083    0.7475         0
    3.6943    3.7956    4.8115   -1.0828    0.7097         0
    3.6994    3.7942    4.7996   -1.0611    0.6763         0
    3.7048    3.7970    4.7810   -1.0431    0.6513         0
    3.7103    3.8056    4.7534   -1.0284    0.6387         0
    3.7153    3.8185    4.7195   -1.0135    0.6394         0
    3.7178    3.8222    4.7009   -0.9816    0.6374         0
    3.7178    3.8250    4.6871   -0.9419    0.6339         0
    3.7158    3.8410    4.6591   -0.9128    0.6347         0
    3.7136    3.8568    4.6446   -0.9345    0.6199         0
    3.7134    3.8617    4.6427   -0.9555    0.5988         0
    3.7150    3.8671    4.6213   -0.9180    0.5962         0
    3.7158    3.8822    4.5894   -0.8899    0.5967         0
    3.7120    3.9030    4.5618   -0.8728    0.6001         0
    3.7081    3.9141    4.5452   -0.8380    0.6036         0
    3.7082    3.9133    4.5361   -0.7964    0.5991         0
    3.7107    3.9068    4.5291   -0.7532    0.5898         0
    3.7141    3.9010    4.5192   -0.7135    0.5792         0
    3.7166    3.9024    4.5010   -0.6822    0.5707         0
    3.7168    3.9163    4.4708   -0.6632    0.5680         0
    3.7147    3.9301    4.4450   -0.6412    0.5741         0
    3.7116    3.9358    4.4325   -0.6077    0.5872         0
    3.7086    3.9350    4.4291   -0.5666    0.6032         0
    3.7068    3.9293    4.4305   -0.5214    0.6176         0
    3.7070    3.9205    4.4330   -0.4754    0.6270         0
    3.7086    3.9105    4.4345   -0.4301    0.6316         0
    3.7108    3.9010    4.4336   -0.3865    0.6323         0
    3.7126    3.8939    4.4287   -0.3456    0.6301         0
    3.7131    3.8910    4.4185   -0.3083    0.6262         0
    3.7114    3.8942    4.4013   -0.2757    0.6215         0
    3.7067    3.9054    4.3758   -0.2487    0.6171         0
    3.6994    3.9207    4.3507   -0.2275    0.6235         0
    3.6923    3.9283    4.3469   -0.2105    0.6590         0
    3.6857    3.9315    4.3543   -0.1976    0.7095         0
    3.6791    3.9355    4.3592   -0.1891    0.7574         0
    3.6722    3.9453    4.3478   -0.1851    0.7848         0
    3.6658    3.9615    4.3157   -0.1822    0.7811         0
    3.6635    3.9670    4.2966   -0.1645    0.7695         0
    3.6651    3.9614    4.2922   -0.1330    0.7560         0
    3.6691    3.9485    4.2970   -0.0919    0.7417         0
    3.6742    3.9317    4.3055   -0.0452    0.7279         0
    3.6791    3.9145    4.3122    0.0029    0.7157         0
    3.6825    3.9005    4.3116    0.0481    0.7063         0
    3.6831    3.8932    4.2982    0.0864    0.7010         0
    3.6800    3.8940    4.2719    0.1160    0.7025         0
    3.6746    3.8956    4.2534    0.1459    0.7173         0
    3.6684    3.8957    4.2452    0.1780    0.7411         0
    3.6628    3.8935    4.2444    0.2125    0.7672         0
    3.6592    3.8881    4.2480    0.2492    0.7886         0
    3.6588    3.8790    4.2532    0.2881    0.7987         0
    3.6612    3.8671    4.2559    0.3280    0.7963         0
    3.6623    3.8558    4.2505    0.3662    0.7895         0
    3.6585    3.8487    4.2316    0.3997    0.7873         0
    3.6526    3.8437    4.2161    0.4336    0.7993         0
    3.6381    3.8479    4.2026    0.4637    0.8148         0
    3.6198    3.8617    4.1882    0.4710    0.8358         0
    3.6093    3.8743    4.1840    0.4582    0.8720         0
    3.6031    3.8837    4.1850    0.4415    0.9145         0
    3.5978    3.8877    4.1858    0.4373    0.9545         0
    3.5912    3.8855    4.1836    0.4548    0.9859         0
    3.5845    3.8784    4.1798    0.4890    1.0080         0
    3.5790    3.8682    4.1763    0.5331    1.0209         0
    3.5759    3.8563    4.1752    0.5806    1.0247         0
    3.5765    3.8443    4.1782    0.6252    1.0196         0
    3.5804    3.8326    4.1846    0.6648    1.0078         0
    3.5856    3.8204    4.1917    0.7006    0.9927         0
    3.5902    3.8070    4.1968    0.7340    0.9779         0
    3.5925    3.7917    4.1971    0.7661    0.9670         0
    3.5906    3.7738    4.1900    0.7983    0.9636         0
    3.5842    3.7562    4.1796    0.8308    0.9728         0
    3.5762    3.7440    4.1760    0.8628    0.9951         0
    3.5685    3.7356    4.1782    0.8947    1.0221         0
    3.5632    3.7290    4.1849    0.9272    1.0447         0
    3.5621    3.7220    4.1945    0.9609    1.0540         0
    3.5658    3.7130    4.2053    0.9959    1.0462         0
    3.5714    3.7007    4.2155    1.0310    1.0290         0
    3.5760    3.6837    4.2231    1.0651    1.0111         0
    3.5763    3.6610    4.2259    1.0969    1.0013         0
    3.5700    3.6365    4.2248    1.1261    1.0094         0
    3.5603    3.6239    4.2275    1.1555    1.0352         0
    3.5547    3.6167    4.2354    1.1871    1.0553         0
    3.5586    3.6070    4.2479    1.2218    1.0506         0
    3.5648    3.5914    4.2610    1.2562    1.0337         0
    3.5625    3.5682    4.2694    1.2859    1.0267         0
    3.5527    3.5450    4.2738    1.3107    1.0437         0
    3.5473    3.5357    4.2803    1.3348    1.0757         0
    3.5349    3.5336    4.2843    1.3537    1.1102         0
    3.5087    3.5336    4.2813    1.3614    1.1386         0
    3.4950    3.5451    4.2728    1.3480    1.1735         0
    3.4927    3.5634    4.2621    1.3214    1.2130         0
    3.4918    3.5795    4.2524    1.2932    1.2504         0
    3.4825    3.5842    4.2467    1.2750    1.2786         0
    3.4557    3.5705    4.2477    1.2772    1.2923         0
    3.4285    3.5734    4.2494    1.2764    1.3269         0
    3.4088    3.5818    4.2508    1.2704    1.3831         0
    3.3959    3.5902    4.2507    1.2596    1.4385         0
    3.3899    3.5962    4.2474    1.2428    1.4716         0
    3.3907    3.5975    4.2391    1.2189    1.4605         0
    3.3809    3.5957    4.2347    1.2003    1.4424         0
    3.3546    3.5961    4.2417    1.2013    1.4808         0
    3.3402    3.5961    4.2466    1.2058    1.5205         0
    3.3338    3.5955    4.2503    1.2118    1.5606         0
    3.3310    3.5941    4.2538    1.2172    1.6002         0
    3.3276    3.5917    4.2581    1.2200    1.6386         0
    3.3196    3.5879    4.2641    1.2182    1.6750         0
    3.3025    3.5826    4.2729    1.2097    1.7086         0
    3.2761    3.5891    4.2872    1.1955    1.7255         0
    3.2560    3.6025    4.3008    1.1886    1.7398         0
    3.2454    3.6041    4.3090    1.1905    1.7728         0
    3.2402    3.5975    4.3144    1.1968    1.8176         0
    3.2363    3.5862    4.3195    1.2032    1.8669         0
    3.2297    3.5737    4.3271    1.2051    1.9135         0
    3.2162    3.5637    4.3396    1.1983    1.9505         0
    3.1951    3.5646    4.3567    1.1780    1.9705         0
    3.1801    3.5744    4.3698    1.1620    1.9893         0
    3.1718    3.5668    4.3823    1.1694    2.0264         0
    3.1640    3.5519    4.3968    1.1817    2.0680         0
    3.1503    3.5406    4.4160    1.1800    2.0992         0
    3.1321    3.5413    4.4343    1.1543    2.1165         0
    3.1222    3.5511    4.4380    1.1193    2.1376         0
    3.1168    3.5591    4.4378    1.0914    2.1653         0
    3.1102    3.5550    4.4470    1.0849    2.1998         0
    3.0997    3.5425    4.4671    1.0891    2.2337         0
    3.0849    3.5339    4.4922    1.0776    2.2551         0
    3.0715    3.5358    4.5092    1.0459    2.2693         0
    3.0645    3.5453    4.5117    1.0074    2.2885         0
    3.0612    3.5568    4.5073    0.9690    2.3116         0
    3.0586    3.5647    4.5041    0.9374    2.3374         0
    3.0537    3.5632    4.5102    0.9190    2.3644         0
    3.0433    3.5496    4.5324    0.9121    2.3898         0
    3.0303    3.5419    4.5598    0.8876    2.4028         0
    3.0408    3.5693    4.5385    0.8852    2.3896         0
    3.0502    3.5834    4.5172    0.8877    2.3669         0
    3.0537    3.6104    4.5072    0.8550    2.3619         0
    3.0544    3.6299    4.5001    0.8168    2.3621         0
    3.0529    3.6416    4.4955    0.7773    2.3671         0
    3.0498    3.6472    4.4933    0.7386    2.3780         0
    3.0454    3.6485    4.4935    0.7023    2.3959         0
    3.0401    3.6473    4.4962    0.6703    2.4216         0
    3.0345    3.6455    4.5026    0.6419    2.4513         0
    3.0287    3.6454    4.5151    0.6141    2.4760         0
    3.0232    3.6494    4.5356    0.5836    2.4872         0
    3.0194    3.6574    4.5546    0.5503    2.4862         0
    3.0182    3.6681    4.5630    0.5155    2.4799         0
    3.0189    3.6806    4.5625    0.4795    2.4703         0
    3.0209    3.6941    4.5554    0.4425    2.4592         0
    3.0234    3.7078    4.5441    0.4046    2.4487         0
    3.0260    3.7209    4.5307    0.3660    2.4405         0
    3.0278    3.7325    4.5175    0.3268    2.4365         0
    3.0282    3.7419    4.5068    0.2871    2.4386         0
    3.0267    3.7483    4.5008    0.2473    2.4484         0
    3.0237    3.7520    4.5015    0.2082    2.4635         0
    3.0202    3.7538    4.5103    0.1712    2.4788         0
    3.0174    3.7547    4.5290    0.1377    2.4893         0
    3.0163    3.7560    4.5556    0.1080    2.4904         0
    3.0173    3.7616    4.5734    0.0776    2.4824         0
    3.0199    3.7713    4.5801    0.0452    2.4676         0
    3.0235    3.7836    4.5784    0.0111    2.4483         0
    3.0275    3.7974    4.5714   -0.0245    2.4272         0
    3.0313    3.8110    4.5620   -0.0614    2.4066         0
    3.0342    3.8232    4.5532   -0.0994    2.3890         0
    3.0356    3.8327    4.5478   -0.1382    2.3769         0
    3.0349    3.8379    4.5488   -0.1777    2.3727         0
    3.0321    3.8382    4.5590   -0.2166    2.3772         0
    3.0304    3.8349    4.5808   -0.2501    2.3834         0
    3.0325    3.8313    4.6112   -0.2753    2.3824         0
    3.0368    3.8337    4.6304   -0.3014    2.3686         0
    3.0420    3.8412    4.6377   -0.3306    2.3455         0
    3.0472    3.8516    4.6373   -0.3629    2.3184         0
    3.0512    3.8624    4.6334   -0.3984    2.2925         0
    3.0532    3.8713    4.6302   -0.4370    2.2731         0
    3.0523    3.8761    4.6320   -0.4786    2.2653         0
    3.0496    3.8760    4.6416   -0.5202    2.2681         0
    3.0484    3.8718    4.6607   -0.5557    2.2755         0
    3.0516    3.8641    4.6907   -0.5795    2.2807         0
    3.0538    3.8568    4.7193   -0.6066    2.2687         0
    3.0525    3.8550    4.7337   -0.6459    2.2382         0
    3.0574    3.8627    4.7355   -0.6788    2.2078         0
    3.0778    3.8834    4.7267   -0.6860    2.1963         0
    3.0991    3.9023    4.7145   -0.6694    2.1820         0
    3.1097    3.9108    4.7039   -0.6451    2.1489         0
    3.1126    3.9129    4.6954   -0.6238    2.1057         0
    3.1107    3.9125    4.6900   -0.6158    2.0615         0
    3.1071    3.9134    4.6883   -0.6305    2.0246         0
    3.1046    3.9160    4.6916   -0.6653    1.9983         0
    3.1062    3.9184    4.7017   -0.7082    1.9818         0
    3.1148    3.9187    4.7202   -0.7472    1.9745         0
    3.1325    3.9150    4.7481   -0.7706    1.9741         0
    3.1447    3.9140    4.7613   -0.7777    1.9412         0
    3.1515    3.9215    4.7509   -0.7743    1.8924         0
    3.1648    3.9381    4.7252   -0.7627    1.8777         0
    3.1729    3.9501    4.7001   -0.7344    1.8749         0
    3.1759    3.9553    4.6829   -0.7021    1.8560         0
    3.1851    3.9602    4.6738   -0.6871    1.8205         0
    3.1976    3.9649    4.6721   -0.6928    1.7783         0
    3.2062    3.9680    4.6771   -0.7166    1.7427         0
    3.2069    3.9676    4.6888   -0.7534    1.7240         0
    3.2092    3.9617    4.7095   -0.7885    1.7201         0
    3.2226    3.9502    4.7388   -0.8076    1.7193         0
    3.2315    3.9491    4.7471   -0.8231    1.6785         0
    3.2536    3.9602    4.7307   -0.8218    1.6555         0
    3.2427    3.9725    4.7036   -0.8076    1.6592         0
    3.2286    3.9703    4.7027   -0.8001    1.6966         0
    3.2212    3.9654    4.7031   -0.7775    1.7316         0
    3.2157    3.9674    4.6869   -0.7373    1.7406         0
    3.2175    3.9776    4.6610   -0.7085    1.7415         0
    3.2267    3.9968    4.6240   -0.6933    1.7440         0
    3.2117    3.9890    4.6346   -0.6975    1.7439         0
    3.2037    3.9750    4.6594   -0.7045    1.7496         0
    3.1919    3.9697    4.6637   -0.7041    1.7875         0
    3.1808    3.9688    4.6569   -0.6927    1.8363         0
    3.1761    3.9683    4.6488   -0.6666    1.8735         0
    3.1769    3.9672    4.6413   -0.6289    1.8925         0
    3.1775    3.9666    4.6304   -0.5877    1.8992         0
    3.1721    3.9676    4.6119   -0.5512    1.8996         0
    3.1559    3.9709    4.5841   -0.5278    1.9012         0
    3.1392    3.9681    4.5738   -0.5247    1.9247         0
    3.1280    3.9596    4.5826   -0.5317    1.9669         0
    3.1233    3.9510    4.5965   -0.5337    2.0138         0
    3.1259    3.9474    4.6026   -0.5162    2.0522         0
    3.1320    3.9484    4.5975   -0.4797    2.0781         0
    3.1346    3.9488    4.5858   -0.4361    2.0948         0
    3.1264    3.9432    4.5726   -0.3976    2.1059         0
    3.1001    3.9263    4.5626   -0.3767    2.1149         0
    3.0936    3.9149    4.5866   -0.3927    2.1169         0
    3.0984    3.9144    4.6122   -0.4292    2.1036         0
    3.0948    3.9166    4.6188   -0.4688    2.0809         0
    3.0927    3.9213    4.6178   -0.5059    2.0565         0
    3.1016    3.9287    4.6204   -0.5351    2.0379         0
    3.1283    3.9384    4.6349   -0.5508    2.0296         0
    3.1470    3.9468    4.6376   -0.5508    2.0020         0
    3.1536    3.9531    4.6281   -0.5450    1.9573         0
    3.1550    3.9578    4.6176   -0.5454    1.9111         0
    3.1573    3.9612    4.6161   -0.5625    1.8777         0
    3.1613    3.9631    4.6251   -0.5954    1.8595         0
    3.1654    3.9629    4.6417   -0.6370    1.8526         0
    3.1676    3.9598    4.6631   -0.6805    1.8532         0
    3.1663    3.9534    4.6860   -0.7189    1.8581         0
    3.1604    3.9450    4.7059   -0.7479    1.8718         0
    3.1496    3.9369    4.7177   -0.7648    1.9017         0
    3.1382    3.9308    4.7213   -0.7666    1.9425         0
    3.1327    3.9280    4.7191   -0.7504    1.9814         0
    3.1355    3.9286    4.7130   -0.7173    2.0097         0
    3.1397    3.9301    4.7032   -0.6761    2.0283         0
    3.1370    3.9297    4.6897   -0.6367    2.0394         0
    3.1194    3.9246    4.6724   -0.6093    2.0450         0
    3.0920    3.9153    4.6593   -0.6040    2.0544         0
    3.0789    3.9079    4.6641   -0.6202    2.0819         0
    3.0757    3.9020    4.6789   -0.6453    2.1213         0
    3.0766    3.8967    4.6950   -0.6665    2.1653         0
    3.0759    3.8913    4.7035   -0.6708    2.2068         0
    3.0707    3.8855    4.7004   -0.6524    2.2406         0
    3.0640    3.8802    4.6900   -0.6179    2.2647         0
    3.0591    3.8763    4.6778   -0.5756    2.2778         0
    3.0588    3.8748    4.6676   -0.5329    2.2791         0
    3.0611    3.8763    4.6556   -0.4941    2.2734         0
    3.0626    3.8815    4.6352   -0.4625    2.2668         0
    3.0605    3.8894    4.6037   -0.4395    2.2660         0
    3.0560    3.8903    4.5820   -0.4149    2.2785         0
    3.0506    3.8834    4.5741   -0.3857    2.3018         0
    3.0453    3.8721    4.5749   -0.3526    2.3298         0
    3.0410    3.8597    4.5793   -0.3166    2.3563         0
    3.0389    3.8496    4.5820   -0.2786    2.3753         0
    3.0398    3.8452    4.5781   -0.2396    2.3809         0
    3.0427    3.8469    4.5639   -0.2021    2.3743         0
    3.0435    3.8504    4.5381   -0.1714    2.3690         0
    3.0411    3.8506    4.5107   -0.1451    2.3736         0
    3.0380    3.8455    4.4946   -0.1156    2.3866         0
    3.0345    3.8363    4.4884   -0.0830    2.4051         0
    3.0311    3.8241    4.4898   -0.0479    2.4267         0
    3.0280    3.8104    4.4965   -0.0107    2.4484         0
    3.0255    3.7963    4.5064    0.0279    2.4676         0
    3.0239    3.7833    4.5170    0.0675    2.4815         0
    3.0235    3.7725    4.5262    0.1076    2.4875         0
    3.0246    3.7653    4.5318    0.1475    2.4830         0
    3.0271    3.7617    4.5317    0.1865    2.4693         0
    3.0304    3.7601    4.5244    0.2237    2.4526         0
    3.0339    3.7589    4.5083    0.2580    2.4394         0
    3.0368    3.7565    4.4837    0.2891    2.4355         0
    3.0379    3.7496    4.4666    0.3222    2.4408         0
    3.0372    3.7382    4.4617    0.3589    2.4521         0
    3.0354    3.7239    4.4661    0.3979    2.4664         0
    3.0331    3.7084    4.4768    0.4382    2.4808         0
    3.0308    3.6930    4.4907    0.4785    2.4924         0
    3.0292    3.6794    4.5050    0.5177    2.4980         0
    3.0288    3.6692    4.5167    0.5546    2.4948         0
    3.0304    3.6639    4.5228    0.5880    2.4797         0
    3.0343    3.6640    4.5208    0.6175    2.4526         0
    3.0402    3.6660    4.5103    0.6451    2.4233         0
    3.0476    3.6657    4.4912    0.6738    2.4041         0
    3.0548    3.6610    4.4716    0.7060    2.3981         0
    3.0580    3.6552    4.4693    0.7422    2.3901         0
    3.0588    3.6479    4.4783    0.7807    2.3798         0
    3.0591    3.6379    4.4897    0.8199    2.3687         0
    3.0607    3.6244    4.4949    0.8579    2.3585         0
    3.0652    3.6062    4.4867    0.8927    2.3514         0
    3.0615    3.5807    4.4959    0.9193    2.3586         0
    3.0597    3.5602    4.5073    0.9529    2.3566         0
    3.0639    3.5484    4.5097    0.9925    2.3390         0
    3.0718    3.5445    4.5047    1.0298    2.3103         0
    3.0812    3.5476    4.4941    1.0566    2.2748         0
    3.0900    3.5568    4.4794    1.0648    2.2368         0
    3.0990    3.5687    4.4614    1.0607    2.2021         0
    3.1127    3.5767    4.4394    1.0674    2.1780         0
    3.1290    3.5757    4.4206    1.0956    2.1621         0
    3.1390    3.5669    4.4162    1.1303    2.1406         0
    3.1448    3.5587    4.4166    1.1572    2.1124         0
    3.1499    3.5592    4.4113    1.1639    2.0779         0
    3.1570    3.5680    4.3981    1.1553    2.0406         0
    3.1682    3.5795    4.3802    1.1460    2.0051         0
    3.1856    3.5883    4.3609    1.1511    1.9765         0
    3.2065    3.5828    4.3440    1.1748    1.9601         0
    3.2214    3.5709    4.3316    1.1928    1.9423         0
    3.2301    3.5690    4.3219    1.1961    1.9111         0
    3.2358    3.5743    4.3138    1.1903    1.8708         0
    3.2415    3.5839    4.3065    1.1812    1.8260         0
    3.2502    3.5950    4.2990    1.1743    1.7811         0
    3.2652    3.6045    4.2901    1.1755    1.7405         0
    3.2888    3.6070    4.2784    1.1886    1.7118         0
    3.3152    3.5902    4.2617    1.1992    1.7008         0
    3.3363    3.5823    4.2471    1.1976    1.6609         0
    3.3524    3.5827    4.2357    1.1885    1.6016         0
    3.3637    3.5888    4.2281    1.1770    1.5367         0
    3.3707    3.5976    4.2246    1.1682    1.4798         0
    3.3737    3.6063    4.2259    1.1674    1.4447         0
    3.3732    3.6122    4.2324    1.1796    1.4450         0
    3.3749    3.6144    4.2409    1.2028    1.4767         0
    3.4026    3.6192    4.2338    1.2040    1.4488         0
    3.4175    3.6123    4.2314    1.2142    1.4044         0
    3.4206    3.5985    4.2352    1.2336    1.3622         0
    3.4242    3.5875    4.2408    1.2525    1.3270         0
    3.4408    3.5889    4.2438    1.2612    1.3034         0
    3.4665    3.6056    4.2396    1.2487    1.2935         0
    3.4647    3.6204    4.2286    1.2140    1.2854         0
    3.4719    3.6383    4.2201    1.1783    1.2665         0
    3.4902    3.6378    4.2201    1.1768    1.2498         0
    3.4814    3.6097    4.2259    1.2108    1.2629         0
    3.4770    3.5964    4.2363    1.2435    1.2768         0
    3.4776    3.5867    4.2478    1.2750    1.2781         0
    3.4827    3.5747    4.2584    1.3042    1.2609         0
    3.4914    3.5624    4.2673    1.3286    1.2296         0
    3.5028    3.5522    4.2741    1.3453    1.1889         0
    3.5159    3.5468    4.2781    1.3514    1.1436         0
    3.5298    3.5483    4.2789    1.3444    1.0989         0
    3.5420    3.5559    4.2756    1.3250    1.0616         0
    3.5491    3.5664    4.2678    1.2969    1.0407         0
    3.5485    3.5772    4.2553    1.2635    1.0423         0
    3.5438    3.5911    4.2419    1.2290    1.0569         0
    3.5411    3.6134    4.2331    1.1976    1.0682         0
    3.5454    3.6396    4.2306    1.1703    1.0605         0
    3.5544    3.6514    4.2271    1.1408    1.0351         0
    3.5611    3.6572    4.2202    1.1087    1.0143         0
    3.5604    3.6658    4.2095    1.0748    1.0149         0
    3.5550    3.6785    4.1979    1.0401    1.0309         0
    3.5490    3.6953    4.1889    1.0055    1.0513         0
    3.5465    3.7162    4.1864    0.9722    1.0652         0
    3.5506    3.7395    4.1919    0.9409    1.0628         0
    3.5578    3.7559    4.1959    0.9099    1.0453         0
    3.5655    3.7653    4.1957    0.8783    1.0200         0
    3.5720    3.7711    4.1920    0.8459    0.9947         0
    3.5759    3.7768    4.1853    0.8123    0.9772         0
    3.5758    3.7854    4.1763    0.7772    0.9739         0
    3.5724    3.7970    4.1669    0.7410    0.9829         0
    3.5676    3.8110    4.1597    0.7044    0.9990         0
    3.5631    3.8265    4.1568    0.6681    1.0165         0
    3.5606    3.8429    4.1608    0.6328    1.0301         0
    3.5618    3.8591    4.1738    0.5991    1.0343         0
    3.5665    3.8723    4.1885    0.5661    1.0257         0
    3.5727    3.8811    4.1964    0.5324    1.0069         0
    3.5791    3.8873    4.1986    0.4978    0.9844         0
    3.5844    3.8929    4.1965    0.4623    0.9642         0
    3.5873    3.8998    4.1914    0.4259    0.9527         0
    3.5868    3.9096    4.1848    0.3887    0.9544         0
    3.5836    3.9216    4.1788    0.3511    0.9667         0
    3.5789    3.9346    4.1757    0.3140    0.9851         0
    3.5738    3.9474    4.1778    0.2779    1.0048         0
    3.5695    3.9586    4.1873    0.2436    1.0214         0
    3.5671    3.9671    4.2066    0.2117    1.0302         0
    3.5679    3.9727    4.2301    0.1802    1.0277         0
    3.5719    3.9775    4.2430    0.1438    1.0172         0
    3.5762    3.9830    4.2474    0.1047    1.0078         0
    3.5781    3.9907    4.2472    0.0656    1.0089         0
    3.5768    4.0004    4.2449    0.0277    1.0220         0
    3.5729    4.0112    4.2424   -0.0086    1.0438         0
    3.5671    4.0221    4.2415   -0.0434    1.0708         0
    3.5602    4.0319    4.2439   -0.0763    1.0996         0
    3.5529    4.0397    4.2514   -0.1072    1.1266         0
    3.5458    4.0445    4.2657   -0.1359    1.1485         0
    3.5396    4.0451    4.2886   -0.1621    1.1619         0
    3.5355    4.0418    4.3187   -0.1875    1.1638         0
    3.5361    4.0401    4.3406   -0.2201    1.1562         0
    3.5396    4.0414    4.3527   -0.2588    1.1467         0
    3.5427    4.0453    4.3584   -0.2996    1.1436         0
    3.5427    4.0513    4.3611   -0.3386    1.1545         0
    3.5390    4.0582    4.3637   -0.3743    1.1783         0
    3.5325    4.0642    4.3689   -0.4064    1.2085         0
    3.5243    4.0675    4.3792   -0.4348    1.2383         0
    3.5152    4.0663    4.3975   -0.4593    1.2610         0
    3.5064    4.0589    4.4261   -0.4798    1.2702         0
    3.5030    4.0491    4.4563   -0.5028    1.2685         0
    3.5045    4.0419    4.4815   -0.5362    1.2725         0
    3.5028    4.0359    4.5073   -0.5772    1.2913         0
    3.4976    4.0320    4.5300   -0.6179    1.3207         0
    3.4891    4.0311    4.5452   -0.6504    1.3554         0
    3.4775    4.0342    4.5482   -0.6664    1.3902         0
    3.4633    4.0425    4.5347   -0.6580    1.4197         0
    3.4368    4.0476    4.5280   -0.6462    1.4322         0
    3.4152    4.0464    4.5408   -0.6660    1.4541         0
    3.4113    4.0456    4.5497   -0.6909    1.4924         0
    3.4072    4.0383    4.5683   -0.7116    1.5172         0
    3.3981    4.0235    4.6007   -0.7304    1.5152         0
    3.3961    4.0139    4.6252   -0.7575    1.5219         0
    3.3837    4.0098    4.6377   -0.7739    1.5539         0
    3.3632    3.9944    4.6695   -0.7912    1.5613         0
    3.3922    3.9950    4.6668   -0.7865    1.5499         0
    3.4003    4.0025    4.6478   -0.7676    1.5188         0
    3.4126    4.0169    4.6168   -0.7508    1.5206         0
    3.4139    4.0274    4.5902   -0.7222    1.5158         0
    3.4159    4.0348    4.5671   -0.6872    1.4914         0
    3.4251    4.0379    4.5529   -0.6615    1.4576         0
    3.4452    4.0346    4.5550   -0.6627    1.4285         0
    3.4550    4.0225    4.5808   -0.6830    1.4200         0
    3.4667    4.0075    4.6104   -0.6995    1.4182         0
    3.4713    4.0043    4.6240   -0.7266    1.3903         0
    3.4713    4.0069    4.6282   -0.7573    1.3509         0
    3.4835    4.0051    4.6317   -0.7809    1.3226         0
    3.5150    3.9948    4.6359   -0.7831    1.3170         0
    3.5254    3.9980    4.6175   -0.7555    1.2899         0
    3.5247    4.0022    4.6081   -0.7469    1.2488         0
    3.5263    3.9989    4.6207   -0.7747    1.2086         0
    3.5353    3.9929    4.6351   -0.8107    1.1784         0
    3.5561    3.9899    4.6293   -0.8242    1.1669         0
    3.5816    3.9911    4.6023   -0.8025    1.1679         0
    3.5962    3.9920    4.5783   -0.7647    1.1615         0
    3.6023    3.9925    4.5593   -0.7207    1.1469         0
    3.6025    3.9926    4.5465   -0.6798    1.1238         0
    3.5995    3.9921    4.5411   -0.6514    1.0919         0
    3.5960    3.9910    4.5445   -0.6448    1.0509         0
    3.5957    3.9889    4.5550   -0.6630    1.0042         0
    3.6054    3.9836    4.5600   -0.6839    0.9683         0
    3.6313    3.9730    4.5460   -0.6814    0.9600         0
    3.6514    3.9633    4.5299   -0.6578    0.9461         0
    3.6593    3.9573    4.5196   -0.6270    0.9162         0
    3.6591    3.9553    4.5133   -0.5986    0.8775         0
    3.6550    3.9574    4.5092   -0.5824    0.8374         0
    3.6509    3.9635    4.5057   -0.5866    0.8024         0
    3.6479    3.9720    4.5033   -0.6101    0.7740         0
    3.6465    3.9808    4.5030   -0.6477    0.7516         0
    3.6467    3.9879    4.5058   -0.6944    0.7348         0
    3.6489    3.9910    4.5127   -0.7453    0.7228         0
    3.6534    3.9880    4.5248   -0.7953    0.7153         0
    3.6602    3.9768    4.5431   -0.8394    0.7117         0
    3.6698    3.9553    4.5687   -0.8725    0.7114         0
    3.6818    3.9240    4.5995   -0.8894    0.7136         0
    3.6834    3.9353    4.5764   -0.8803    0.7137         0
    3.6790    3.9607    4.5364   -0.8470    0.7165         0
    3.6743    3.9738    4.5113   -0.7975    0.7246         0
    3.6696    3.9777    4.4978   -0.7388    0.7368         0
    3.6653    3.9750    4.4928   -0.6781    0.7521         0
    3.6618    3.9686    4.4932   -0.6223    0.7694         0
    3.6594    3.9615    4.4959   -0.5785    0.7877         0
    3.6584    3.9564    4.4977   -0.5537    0.8056         0
    3.6592    3.9563    4.4953   -0.5551    0.8223         0
    3.6619    3.9639    4.4855   -0.5874    0.8363         0
    3.6614    3.9788    4.4573   -0.5848    0.8391         0
    3.6613    3.9832    4.4377   -0.5471    0.8445         0
    3.6622    3.9784    4.4321   -0.5045    0.8565         0
    3.6605    3.9744    4.4289   -0.4641    0.8692         0
    3.6524    3.9809    4.4168   -0.4330    0.8765         0
    3.6374    4.0006    4.3942   -0.4174    0.8814         0
    3.6248    4.0123    4.3886   -0.4153    0.9107         0
    3.6153    4.0163    4.3953   -0.4188    0.9567         0
    3.6081    4.0166    4.4043   -0.4197    1.0063         0
    3.6021    4.0172    4.4056   -0.4100    1.0463         0
    3.5968    4.0212    4.3911   -0.3828    1.0650         0
    3.5938    4.0248    4.3711   -0.3446    1.0636         0
    3.5951    4.0222    4.3606   -0.3063    1.0492         0
    3.5997    4.0149    4.3577   -0.2697    1.0269         0
    3.6062    4.0055    4.3569   -0.2353    1.0016         0
    3.6130    3.9967    4.3531   -0.2032    0.9778         0
    3.6186    3.9914    4.3410   -0.1738    0.9602         0
    3.6214    3.9921    4.3154   -0.1472    0.9536         0
    3.6228    3.9932    4.2918   -0.1189    0.9557         0
    3.6246    3.9882    4.2858   -0.0846    0.9603         0
    3.6256    3.9800    4.2887   -0.0457    0.9666         0
    3.6244    3.9715    4.2911   -0.0042    0.9736         0
    3.6199    3.9660    4.2838    0.0383    0.9804         0
    3.6107    3.9663    4.2577    0.0797    0.9861         0
    3.6028    3.9713    4.2576    0.0793    0.9896         0
    3.6015    3.9758    4.2914    0.0370    0.9874         0
    3.6027    3.9798    4.3107   -0.0033    0.9789         0
    3.6053    3.9839    4.3183   -0.0415    0.9680         0
    3.6083    3.9886    4.3178   -0.0786    0.9586         0
    3.6105    3.9947    4.3129   -0.1153    0.9547         0
    3.6109    4.0025    4.3070   -0.1526    0.9601         0
    3.6090    4.0121    4.3031   -0.1905    0.9758         0
    3.6052    4.0218    4.3030   -0.2278    0.9980         0
    3.6000    4.0301    4.3083   -0.2634    1.0225         0
    3.5938    4.0355    4.3208   -0.2958    1.0451         0
    3.5873    4.0362    4.3420   -0.3238    1.0615         0
    3.5811    4.0310    4.3728   -0.3466    1.0678         0
    3.5816    4.0244    4.3991   -0.3736    1.0633         0
    3.5868    4.0208    4.4155   -0.4100    1.0562         0
    3.5849    4.0198    4.4339   -0.4486    1.0578         0
    3.5783    4.0214    4.4501   -0.4819    1.0734         0
    3.5732    4.0259    4.4552   -0.5031    1.1054         0
    3.5697    4.0319    4.4517   -0.5135    1.1488         0
    3.5643    4.0370    4.4488   -0.5195    1.1942         0
    3.5532    4.0387    4.4560   -0.5276    1.2319         0
    3.5325    4.0345    4.4828   -0.5443    1.2522         0
    3.5290    4.0247    4.5098   -0.5604    1.2526         0
    3.5603    4.0173    4.5043   -0.5542    1.2333         0
    3.5692    4.0135    4.5042   -0.5447    1.1907         0
    3.5676    4.0122    4.5034   -0.5327    1.1405         0
    3.5682    4.0119    4.4955   -0.5190    1.0987         0
    3.5831    4.0113    4.4744   -0.5042    1.0810         0
    3.5987    4.0108    4.4500   -0.4787    1.0778         0
    3.6003    4.0102    4.4354   -0.4411    1.0651         0
    3.6014    4.0074    4.4269   -0.4081    1.0387         0
    3.6081    4.0019    4.4223   -0.3890    1.0000         0
    3.6184    3.9953    4.4210   -0.3860    0.9558         0
    3.6299    3.9896    4.4226   -0.4009    0.9134         0
    3.6403    3.9865    4.4269   -0.4353    0.8797         0
    3.6474    3.9871    4.4334   -0.4884    0.8601         0
    3.6514    3.9890    4.4422   -0.5455    0.8513         0
    3.6528    3.9889    4.4536   -0.5879    0.8469         0
    3.6523    3.9834    4.4678   -0.5967    0.8410         0
    3.6501    3.9717    4.4847   -0.5669    0.8314         0
    3.6452    3.9665    4.5021   -0.5667    0.8378         0
    3.6382    3.9693    4.5171   -0.5989    0.8622         0
    3.6308    3.9769    4.5264   -0.6405    0.8998         0
    3.6243    3.9864    4.5269   -0.6685    0.9454         0
    3.6198    3.9945    4.5167   -0.6630    0.9935         0
    3.6133    4.0000    4.5070   -0.6382    1.0336         0
    3.5976    4.0024    4.5169   -0.6291    1.0520         0
    3.5761    4.0024    4.5460   -0.6529    1.0533         0
    3.5622    4.0023    4.5701   -0.6919    1.0617         0
    3.5549    4.0022    4.5882   -0.7363    1.0777         0
    3.5530    4.0021    4.5999   -0.7771    1.1009         0
    3.5550    4.0020    4.6049   -0.8051    1.1308         0
    3.5595    4.0020    4.6031   -0.8112    1.1671         0
    3.5640    4.0024    4.5952   -0.7907    1.2076         0
    3.5613    4.0045    4.5857   -0.7585    1.2438         0
    3.5430    4.0101    4.5803   -0.7339    1.2654         0
    3.5098    4.0180    4.5853   -0.7364    1.2709         0
    3.5007    4.0155    4.6015   -0.7633    1.2988         0
    3.4980    4.0096    4.6152   -0.7737    1.3377         0
    3.4889    4.0067    4.6178   -0.7524    1.3741         0
    3.4779    4.0092    4.6078   -0.7164    1.4029         0
    3.4705    4.0187    4.5843   -0.6845    1.4193         0
    3.4701    4.0335    4.5522   -0.6671    1.4185         0
    3.4732    4.0399    4.5336   -0.6462    1.3978         0
    3.4789    4.0389    4.5264   -0.6202    1.3642         0
    3.4869    4.0345    4.5233   -0.5922    1.3262         0
    3.4968    4.0310    4.5170   -0.5650    1.2922         0
    3.5085    4.0324    4.5004   -0.5417    1.2707         0
    3.5198    4.0412    4.4696   -0.5227    1.2672         0
    3.5204    4.0501    4.4414   -0.4950    1.2686         0
    3.5203    4.0527    4.4249   -0.4625    1.2577         0
    3.5250    4.0493    4.4177   -0.4299    1.2335         0
    3.5327    4.0432    4.4140   -0.3983    1.2029         0
    3.5416    4.0375    4.4080   -0.3685    1.1727         0
    3.5499    4.0355    4.3940   -0.3417    1.1499         0
    3.5557    4.0400    4.3668   -0.3186    1.1411         0
    3.5575    4.0460    4.3375   -0.2923    1.1448         0
    3.5556    4.0467    4.3198   -0.2569    1.1527         0
    3.5523    4.0433    4.3113   -0.2163    1.1593         0
    3.5500    4.0374    4.3086   -0.1748    1.1588         0
    3.5503    4.0303    4.3088   -0.1358    1.1479         0
    3.5532    4.0225    4.3101   -0.0993    1.1284         0
    3.5579    4.0143    4.3110   -0.0651    1.1034         0
    3.5640    4.0061    4.3098   -0.0328    1.0759         0
    3.5709    3.9980    4.3050   -0.0020    1.0489         0
    3.5780    3.9905    4.2951    0.0275    1.0252         0
    3.5847    3.9838    4.2784    0.0562    1.0079         0
    3.5904    3.9782    4.2537    0.0845    1.0000         0
    3.5921    3.9734    4.2309    0.1159    1.0024         0
    3.5883    3.9683    4.2205    0.1528    1.0113         0
    3.5832    3.9622    4.2171    0.1927    1.0208         0
    3.5803    3.9544    4.2149    0.2329    1.0253         0
    3.5805    3.9448    4.2125    0.2721    1.0232         0
    3.5834    3.9339    4.2101    0.3097    1.0140         0
    3.5883    3.9218    4.2078    0.3453    0.9978         0
    3.5950    3.9090    4.2057    0.3781    0.9743         0
    3.6027    3.8956    4.2041    0.4077    0.9432         0
    3.6113    3.8823    4.2033    0.4326    0.9055         0
    3.6206    3.8706    4.2050    0.4478    0.8660         0
    3.6307    3.8622    4.2109    0.4472    0.8306         0
    3.6415    3.8588    4.2227    0.4255    0.8052         0
    3.6483    3.8634    4.2326    0.3881    0.7938         0
    3.6468    3.8759    4.2326    0.3477    0.7954         0
    3.6438    3.8888    4.2334    0.3091    0.8017         0
    3.6478    3.8933    4.2482    0.2758    0.8033         0
    3.6577    3.8904    4.2714    0.2460    0.7932         0
    3.6650    3.8894    4.2849    0.2144    0.7729         0
    3.6700    3.8908    4.2901    0.1809    0.7478         0
    3.6730    3.8945    4.2892    0.1459    0.7238         0
    3.6745    3.9006    4.2847    0.1097    0.7064         0
    3.6749    3.9090    4.2786    0.0726    0.7008         0
    3.6744    3.9191    4.2728    0.0348    0.7063         0
    3.6732    3.9300    4.2686   -0.0032    0.7195         0
    3.6712    3.9410    4.2675   -0.0412    0.7371         0
    3.6685    3.9512    4.2709   -0.0789    0.7558         0
    3.6653    3.9597    4.2802   -0.1159    0.7723         0
    3.6616    3.9656    4.2970   -0.1519    0.7832         0
    3.6578    3.9678    4.3226   -0.1856    0.7857         0
    3.6637    3.9529    4.3555   -0.1945    0.7889         0
    3.6788    3.9356    4.3740   -0.2150    0.7750         0
    3.6891    3.9231    4.3828   -0.2250    0.7413         0
    3.6954    3.9154    4.3848   -0.2300    0.6971         0
    3.6988    3.9125    4.3822   -0.2371    0.6520         0
    3.7004    3.9144    4.3777   -0.2534    0.6154         0
    3.7010    3.9205    4.3734   -0.2832    0.5940         0
    3.7010    3.9291    4.3710   -0.3236    0.5856         0
    3.7007    3.9380    4.3718   -0.3698    0.5870         0
    3.7002    3.9452    4.3774   -0.4176    0.5944         0
    3.6998    3.9485    4.3893   -0.4623    0.6044         0
    3.6997    3.9460    4.4089   -0.4995    0.6136         0
    3.7003    3.9355    4.4377   -0.5248    0.6182         0
    3.7020    3.9227    4.4652   -0.5465    0.6136         0
    3.7049    3.9166    4.4787   -0.5782    0.5994         0
    3.7079    3.9160    4.4830   -0.6177    0.5824         0
    3.7102    3.9193    4.4834   -0.6621    0.5692         0
    3.7110    3.9251    4.4847   -0.7086    0.5655         0
    3.7102    3.9310    4.4896   -0.7542    0.5704         0
    3.7085    3.9347    4.4995   -0.7959    0.5802         0
    3.7063    3.9337    4.5161   -0.8305    0.5912         0
    3.7041    3.9256    4.5409   -0.8551    0.5996         0
    3.7031    3.9086    4.5734   -0.8692    0.6018         0
    3.7077    3.8887    4.5991   -0.8916    0.5960         0
    3.7081    3.8810    4.6181   -0.9244    0.5969         0
    3.7060    3.8734    4.6424   -0.9562    0.6009         0
    3.7090    3.8510    4.6722   -0.9673    0.6024         0
    3.7106    3.8410    4.6760   -0.9330    0.6252         0
    3.7107    3.8354    4.6828   -0.9262    0.6387         0
    3.7103    3.8290    4.7030   -0.9653    0.6366         0
    3.7089    3.8251    4.7247   -1.0196    0.6378         0
    3.7063    3.8262    4.7390   -1.0643    0.6565         0
    3.7027    3.8305    4.7475   -1.0972    0.6893         0
    3.6981    3.8356    4.7539   -1.1208    0.7289         0
    3.6930    3.8389    4.7621   -1.1377    0.7683         0
    3.6875    3.8379    4.7758   -1.1506    0.8003         0
    3.6818    3.8300    4.7988   -1.1620    0.8177         0
    3.6764    3.8148    4.8320   -1.1753    0.8168         0
    3.6732    3.8003    4.8623   -1.1964    0.8108         0
    3.6720    3.7889    4.8866   -1.2256    0.8046         0
    3.6722    3.7799    4.9062   -1.2609    0.7991         0
    3.6734    3.7732    4.9220   -1.3006    0.7954         0
    3.6750    3.7683    4.9350   -1.3428    0.7945         0
    3.6763    3.7648    4.9463   -1.3859    0.7976         0
    3.6768    3.7624    4.9569   -1.4281    0.8056         0
    3.6759    3.7607    4.9680   -1.4674    0.8196         0
    3.6731    3.7592    4.9805   -1.5023    0.8406         0
    3.6677    3.7577    4.9954   -1.5308    0.8696         0
    3.6603    3.7537    5.0152   -1.5517    0.9001         0
    3.6535    3.7403    5.0443   -1.5650    0.9094         0
    3.6494    3.7218    5.0765   -1.5790    0.9044         0
    3.6480    3.7065    5.1026   -1.6016    0.9055         0
    3.6487    3.6941    5.1236   -1.6315    0.9121         0
    3.6506    3.6842    5.1407   -1.6667    0.9227         0
    3.6532    3.6762    5.1553   -1.7056    0.9360         0
    3.6557    3.6694    5.1687   -1.7465    0.9504         0
    3.6573    3.6634    5.1821   -1.7876    0.9644         0
    3.6575    3.6576    5.1970   -1.8271    0.9767         0
    3.6553    3.6515    5.2144   -1.8633    0.9857         0
    3.6503    3.6444    5.2359   -1.8945    0.9901         0
    3.6416    3.6358    5.2625   -1.9189    0.9883         0
    3.6314    3.6229    5.2947   -1.9345    0.9818         0
    3.6269    3.6049    5.3256   -1.9487    0.9776         0
    3.6248    3.5908    5.3505   -1.9730    0.9748         0
    3.6244    3.5796    5.3714   -2.0045    0.9744         0
    3.6246    3.5698    5.3905   -2.0398    0.9780         0
    3.6247    3.5597    5.4103   -2.0752    0.9870         0
    3.6237    3.5479    5.4329   -2.1073    1.0028         0
    3.6208    3.5327    5.4606   -2.1326    1.0265         0
    3.6157    3.5169    5.4911   -2.1524    1.0509         0
    3.6086    3.5091    5.5155   -2.1749    1.0559         0
    3.6007    3.5148    5.5258   -2.2007    1.0333         0
    3.5953    3.5249    5.5219   -2.2042    1.0205         0
    3.5926    3.5371    5.5068   -2.1858    1.0201         0
    3.5920    3.5505    5.4834   -2.1513    1.0274         0
    3.5933    3.5643    5.4546   -2.1066    1.0377         0
    3.5959    3.5779    5.4233   -2.0575    1.0462         0
    3.5996    3.5904    5.3924   -2.0097    1.0481         0
    3.6038    3.6010    5.3649   -1.9691    1.0388         0
    3.6084    3.6101    5.3413   -1.9392    1.0185         0
    3.6137    3.6207    5.3173   -1.9185    0.9990         0
    3.6200    3.6357    5.2881   -1.9050    0.9929         0
    3.6257    3.6538    5.2558   -1.8911    0.9999         0
    3.6286    3.6695    5.2281   -1.8686    1.0067         0
    3.6294    3.6829    5.2046   -1.8388    1.0112         0
    3.6287    3.6939    5.1845   -1.8039    1.0124         0
    3.6276    3.7029    5.1669   -1.7659    1.0092         0
    3.6268    3.7100    5.1510   -1.7269    1.0004         0
    3.6272    3.7154    5.1358   -1.6890    0.9849         0
    3.6297    3.7193    5.1207   -1.6543    0.9616         0
    3.6344    3.7228    5.1041   -1.6244    0.9330         0
    3.6404    3.7290    5.0836   -1.6006    0.9075         0
    3.6467    3.7408    5.0567   -1.5841    0.8941         0
    3.6522    3.7589    5.0238   -1.5724    0.8971         0
    3.6552    3.7751    4.9948   -1.5520    0.9034         0
    3.6561    3.7877    4.9711   -1.5222    0.9081         0
    3.6558    3.7969    4.9521   -1.4856    0.9095         0
    3.6551    3.8030    4.9367   -1.4453    0.9056         0
    3.6548    3.8063    4.9243   -1.4040    0.8949         0
    3.6558    3.8069    4.9138   -1.3646    0.8753         0
    3.6586    3.8055    4.9044   -1.3296    0.8462         0
    3.6632    3.8041    4.8936   -1.2998    0.8126         0
    3.6687    3.8052    4.8786   -1.2756    0.7813         0
    3.6748    3.8114    4.8567   -1.2573    0.7593         0
    3.6807    3.8250    4.8255   -1.2450    0.7532         0
    3.6852    3.8379    4.7958   -1.2252    0.7565         0
    3.6873    3.8416    4.7792   -1.1875    0.7564         0
    3.6875    3.8429    4.7675   -1.1436    0.7530         0
    3.6866    3.8493    4.7517   -1.1066    0.7473         0
    3.6850    3.8679    4.7235   -1.0885    0.7404         0
    3.6782    3.8885    4.7019   -1.0732    0.7515         0
    3.6717    3.8994    4.6900   -1.0420    0.7722         0
    3.6711    3.9149    4.6624   -1.0165    0.7698         0
    3.6608    3.9412    4.6391   -1.0079    0.7721         0
    3.6578    3.9540    4.6238   -0.9906    0.8042         0
    3.6586    3.9561    4.6162   -0.9677    0.8540         0
    3.6574    3.9536    4.6166   -0.9458    0.9062         0
    3.6483    3.9527    4.6250   -0.9318    0.9455         0
    3.6254    3.9594    4.6414   -0.9323    0.9567         0
    3.6065    3.9627    4.6636   -0.9564    0.9626         0
    3.6056    3.9560    4.6817   -0.9872    0.9911         0
    3.6090    3.9526    4.6849   -0.9931    1.0315         0
    3.6100    3.9557    4.6751   -0.9716    1.0756         0
    3.6063    3.9621    4.6614   -0.9375    1.1166         0
    3.5952    3.9690    4.6533   -0.9056    1.1477         0
    3.5745    3.9731    4.6599   -0.8908    1.1622         0
    3.5499    3.9713    4.6847   -0.9049    1.1615         0
    3.5440    3.9641    4.7080   -0.9354    1.1748         0
    3.5384    3.9595    4.7236   -0.9574    1.2045         0
    3.5250    3.9608    4.7294   -0.9586    1.2444         0
    3.5138    3.9649    4.7253   -0.9401    1.2838         0
    3.5143    3.9687    4.7113   -0.9044    1.3121         0
    3.5171    3.9735    4.6926   -0.8648    1.3263         0
    3.4998    3.9833    4.6777   -0.8421    1.3286         0
    3.4693    3.9924    4.6761   -0.8466    1.3404         0
    3.4571    3.9912    4.6859   -0.8613    1.3806         0
    3.4557    3.9858    4.6961   -0.8678    1.4282         0
    3.4567    3.9828    4.6956   -0.8495    1.4625         0
    3.4545    3.9864    4.6803   -0.8116    1.4764         0
    3.4451    3.9987    4.6523   -0.7791    1.4750         0
    3.4288    4.0088    4.6348   -0.7706    1.4921         0
    3.4125    3.9981    4.6578   -0.7797    1.5165         0
    3.4075    3.9857    4.6864   -0.8040    1.5130         0
    3.4041    3.9777    4.7087   -0.8353    1.5239         0
    3.3865    3.9725    4.7203   -0.8406    1.5463         0
    3.3743    3.9802    4.6995   -0.8108    1.5616         0
    3.3553    3.9705    4.7214   -0.8293    1.5697         0
    3.3337    3.9744    4.7104   -0.8146    1.5836         0
    3.3379    3.9902    4.6765   -0.7907    1.5866         0
    3.3564    3.9996    4.6571   -0.7789    1.5670         0
    3.3672    4.0148    4.6259   -0.7621    1.5672         0
    3.3687    4.0249    4.5999   -0.7319    1.5666         0
    3.3796    4.0299    4.5837   -0.7071    1.5426         0
    3.3929    4.0420    4.5567   -0.6908    1.5318         0
    3.3962    4.0523    4.5304   -0.6648    1.5335         0
    3.3981    4.0575    4.5089   -0.6257    1.5229         0
    3.4056    4.0618    4.4884   -0.5873    1.4982         0
    3.4167    4.0626    4.4803   -0.5706    1.4655         0
    3.4315    4.0587    4.4908   -0.5888    1.4343         0
    3.4641    4.0598    4.4784   -0.5793    1.4264         0
    3.4805    4.0580    4.4700   -0.5535    1.4030         0
    3.4836    4.0549    4.4644   -0.5218    1.3694         0
    3.4813    4.0539    4.4549   -0.4897    1.3366         0
    3.4815    4.0582    4.4347   -0.4629    1.3160         0
    3.4878    4.0679    4.4031   -0.4420    1.3145         0
    3.4877    4.0721    4.3812   -0.4096    1.3205         0
    3.4840    4.0707    4.3700   -0.3692    1.3230         0
    3.4833    4.0661    4.3648   -0.3294    1.3135         0
    3.4869    4.0603    4.3619   -0.2930    1.2926         0
    3.4933    4.0544    4.3585   -0.2596    1.2654         0
    3.5012    4.0494    4.3515   -0.2290    1.2375         0
    3.5092    4.0468    4.3380   -0.2010    1.2139         0
    3.5157    4.0475    4.3150   -0.1752    1.2001         0
    3.5188    4.0508    4.2853   -0.1492    1.1998         0
    3.5168    4.0503    4.2664   -0.1159    1.2090         0
    3.5122    4.0460    4.2582   -0.0770    1.2207         0
    3.5082    4.0391    4.2566   -0.0359    1.2279         0
    3.5078    4.0310    4.2578    0.0041    1.2241         0
    3.5111    4.0224    4.2592    0.0421    1.2100         0
    3.5167    4.0135    4.2591    0.0783    1.1897         0
    3.5232    4.0049    4.2555    0.1129    1.1674         0
    3.5291    3.9967    4.2468    0.1459    1.1471         0
    3.5331    3.9895    4.2310    0.1777    1.1330         0
    3.5338    3.9835    4.2072    0.2085    1.1292         0
    3.5306    3.9775    4.1877    0.2408    1.1381         0
    3.5247    3.9708    4.1784    0.2754    1.1559         0
    3.5182    3.9634    4.1768    0.3117    1.1761         0
    3.5132    3.9552    4.1800    0.3490    1.1926         0
    3.5117    3.9462    4.1853    0.3867    1.1988         0
    3.5144    3.9364    4.1903    0.4241    1.1922         0
    3.5195    3.9256    4.1934    0.4610    1.1773         0
    3.5252    3.9138    4.1931    0.4972    1.1592         0
    3.5292    3.9007    4.1878    0.5324    1.1434         0
    3.5296    3.8862    4.1760    0.5665    1.1352         0
    3.5253    3.8713    4.1601    0.5992    1.1395         0
    3.5179    3.8591    4.1513    0.6311    1.1578         0
    3.5094    3.8494    4.1496    0.6626    1.1839         0
    3.5017    3.8411    4.1531    0.6945    1.2110         0
    3.4965    3.8333    4.1598    0.7273    1.2321         0
    3.4957    3.8252    4.1679    0.7615    1.2403         0
    3.4995    3.8157    4.1756    0.7972    1.2332         0
    3.5056    3.8040    4.1816    0.8335    1.2169         0
    3.5112    3.7894    4.1849    0.8692    1.1986         0
    3.5133    3.7709    4.1841    0.9034    1.1853         0
    3.5097    3.7481    4.1785    0.9351    1.1841         0
    3.5058    3.7285    4.1757    0.9669    1.1957         0
    3.5044    3.7160    4.1796    0.9997    1.2160         0
    3.5017    3.7075    4.1873    1.0317    1.2414         0
    3.4936    3.6996    4.1955    1.0606    1.2686         0
    3.4762    3.6891    4.2011    1.0845    1.2942         0
    3.4504    3.6785    4.2021    1.0966    1.3188         0
    3.4321    3.6838    4.2017    1.0856    1.3536         0
    3.4218    3.6904    4.2029    1.0772    1.3913         0
    3.4160    3.6834    4.2079    1.0946    1.4233         0
    3.4071    3.6681    4.2155    1.1238    1.4503         0
    3.3866    3.6551    4.2239    1.1413    1.4756         0
    3.3592    3.6529    4.2300    1.1345    1.5032         0
    3.3422    3.6599    4.2318    1.1151    1.5360         0
    3.3332    3.6680    4.2323    1.0976    1.5722         0
    3.3279    3.6683    4.2351    1.0967    1.6094         0
    3.3221    3.6582    4.2418    1.1152    1.6455         0
    3.3119    3.6449    4.2520    1.1368    1.6784         0
    3.2931    3.6368    4.2647    1.1436    1.7061         0
    3.2686    3.6389    4.2766    1.1261    1.7303         0
    3.2535    3.6463    4.2813    1.1013    1.7600         0
    3.2457    3.6528    4.2828    1.0819    1.7945         0
    3.2408    3.6523    4.2863    1.0793    1.8319         0
    3.2357    3.6438    4.2941    1.0939    1.8698         0
    3.2281    3.6314    4.3060    1.1144    1.9058         0
    3.2161    3.6197    4.3215    1.1287    1.9375         0
    3.1977    3.6131    4.3401    1.1246    1.9622         0
    3.1781    3.6153    4.3555    1.0993    1.9815         0
    3.1673    3.6251    4.3589    1.0647    2.0015         0
    3.1625    3.6375    4.3556    1.0284    2.0239         0
    3.1595    3.6472    4.3519    0.9973    2.0502         0
    3.1542    3.6491    4.3541    0.9786    2.0816         0
    3.1433    3.6403    4.3672    0.9747    2.1170         0
    3.1268    3.6328    4.3889    0.9631    2.1411         0
    3.1120    3.6340    4.4056    0.9338    2.1578         0
    3.1046    3.6444    4.4129    0.9012    2.1756         0
    3.1010    3.6658    4.4209    0.8685    2.1763         0
    3.1011    3.6854    4.4193    0.8325    2.1670         0
    3.1035    3.7020    4.4106    0.7944    2.1539         0
    3.1066    3.7153    4.3983    0.7562    2.1426         0
    3.1088    3.7253    4.3858    0.7194    2.1385         0
    3.1085    3.7317    4.3768    0.6859    2.1472         0
    3.1047    3.7348    4.3741    0.6567    2.1718         0
    3.0979    3.7359    4.3789    0.6301    2.2041         0
    3.0894    3.7368    4.3916    0.6036    2.2338         0
    3.0802    3.7391    4.4124    0.5749    2.2502         0
    3.0743    3.7459    4.4298    0.5415    2.2514         0
    3.0740    3.7577    4.4322    0.5035    2.2466         0
    3.0761    3.7710    4.4258    0.4636    2.2430         0
    3.0774    3.7821    4.4173    0.4245    2.2476         0
    3.0754    3.7883    4.4127    0.3886    2.2654         0
    3.0705    3.7905    4.4140    0.3555    2.2916         0
    3.0645    3.7906    4.4221    0.3243    2.3187         0
    3.0587    3.7905    4.4382    0.2940    2.3394         0
    3.0548    3.7924    4.4624    0.2636    2.3465         0
    3.0538    3.7979    4.4825    0.2323    2.3413         0
    3.0554    3.8070    4.4917    0.1995    2.3283         0
    3.0588    3.8186    4.4927    0.1655    2.3104         0
    3.0632    3.8316    4.4878    0.1302    2.2902         0
    3.0677    3.8449    4.4795    0.0936    2.2705         0
    3.0714    3.8573    4.4705    0.0558    2.2539         0
    3.0734    3.8679    4.4631    0.0168    2.2433         0
    3.0729    3.8755    4.4600   -0.0234    2.2413         0
    3.0698    3.8793    4.4636   -0.0640    2.2488         0
    3.0666    3.8799    4.4771   -0.1011    2.2592         0
    3.0667    3.8784    4.5031   -0.1305    2.2639         0
    3.0664    3.8768    4.5291   -0.1597    2.2571         0
    3.0621    3.8769    4.5433   -0.1961    2.2396         0
    3.0568    3.8794    4.5484   -0.2363    2.2152         0
    3.0537    3.8850    4.5473   -0.2768    2.1874         0
    3.0557    3.8942    4.5429   -0.3139    2.1599         0
    3.0659    3.9077    4.5382   -0.3439    2.1364         0
    3.0875    3.9261    4.5361   -0.3633    2.1206         0
    3.1159    3.9461    4.5349   -0.3649    2.1092         0
    3.1244    3.9538    4.5203   -0.3433    2.0779         0
    3.1286    3.9586    4.5072   -0.3298    2.0386         0
    3.1370    3.9656    4.5030   -0.3379    2.0004         0
    3.1469    3.9735    4.5061   -0.3626    1.9660         0
    3.1554    3.9805    4.5142   -0.3985    1.9376         0
    3.1595    3.9851    4.5253   -0.4404    1.9177         0
    3.1574    3.9859    4.5380   -0.4825    1.9080         0
    3.1595    3.9835    4.5565   -0.5168    1.9060         0
    3.1762    3.9802    4.5841   -0.5374    1.9009         0
    3.1855    3.9793    4.6009   -0.5583    1.8663         0
    3.1898    3.9824    4.6032   -0.5765    1.8176         0
    3.1982    3.9909    4.5920   -0.5848    1.7780         0
    3.2179    4.0054    4.5690   -0.5757    1.7671         0
    3.2292    4.0137    4.5475   -0.5458    1.7522         0
    3.2354    4.0168    4.5371   -0.5277    1.7232         0
    3.2452    4.0196    4.5393   -0.5426    1.6900         0
    3.2549    4.0220    4.5493   -0.5791    1.6612         0
    3.2599    4.0233    4.5621   -0.6232    1.6452         0
    3.2585    4.0219    4.5768   -0.6635    1.6443         0
    3.2546    4.0135    4.5998   -0.6926    1.6500         0
    3.2526    3.9990    4.6315   -0.7110    1.6501         0
    3.2567    3.9938    4.6504   -0.7429    1.6346         0
    3.2729    3.9831    4.6771   -0.7626    1.6306         0
    3.2969    3.9938    4.6589   -0.7574    1.6156         0
    3.3010    4.0108    4.6209   -0.7282    1.6097         0
    3.3242    4.0129    4.6171   -0.7219    1.5993         0
    3.3396    4.0263    4.5880   -0.7011    1.5928         0
    3.3502    4.0396    4.5593   -0.6830    1.5876         0
    3.3487    4.0470    4.5362   -0.6507    1.5898         0
    3.3463    4.0481    4.5216   -0.6100    1.5878         0
    3.3633    4.0549    4.5021   -0.5860    1.5780         0
    3.3751    4.0675    4.4720   -0.5661    1.5767         0
    3.3795    4.0725    4.4487   -0.5265    1.5777         0
    3.3816    4.0718    4.4349   -0.4826    1.5708         0
    3.3838    4.0691    4.4300   -0.4530    1.5479         0
    3.3890    4.0681    4.4321   -0.4514    1.5051         0
    3.4051    4.0706    4.4281   -0.4582    1.4681         0
    3.4326    4.0749    4.4102   -0.4447    1.4582         0
    3.4437    4.0728    4.4013   -0.4133    1.4375         0
    3.4439    4.0693    4.3939   -0.3759    1.4118         0
    3.4434    4.0710    4.3757   -0.3440    1.3946         0
    3.4467    4.0788    4.3452   -0.3204    1.3949         0
    3.4439    4.0795    4.3280   -0.2858    1.4040         0
    3.4393    4.0746    4.3218   -0.2444    1.4103         0
    3.4388    4.0681    4.3196   -0.2038    1.4043         0
    3.4426    4.0615    4.3181   -0.1657    1.3874         0
    3.4490    4.0553    4.3149   -0.1300    1.3645         0
    3.4562    4.0502    4.3077   -0.0967    1.3404         0
    3.4626    4.0468    4.2941   -0.0656    1.3201         0
    3.4664    4.0458    4.2720   -0.0366    1.3083         0
    3.4660    4.0462    4.2443   -0.0084    1.3097         0
    3.4613    4.0434    4.2279    0.0231    1.3242         0
    3.4545    4.0377    4.2219    0.0576    1.3454         0
    3.4479    4.0299    4.2227    0.0945    1.3664         0
    3.4440    4.0212    4.2266    0.1328    1.3799         0
    3.4445    4.0124    4.2301    0.1717    1.3806         0
    3.4483    4.0036    4.2314    0.2106    1.3710         0
    3.4534    3.9947    4.2290    0.2488    1.3560         0
    3.4577    3.9856    4.2215    0.2857    1.3407         0
    3.4593    3.9763    4.2072    0.3207    1.3301         0
    3.4562    3.9666    4.1863    0.3532    1.3295         0
    3.4489    3.9574    4.1726    0.3841    1.3447         0
    3.4399    3.9487    4.1698    0.4148    1.3702         0
    3.4320    3.9404    4.1736    0.4463    1.3958         0
    3.4282    3.9321    4.1796    0.4800    1.4114         0
    3.4293    3.9236    4.1851    0.5162    1.4123         0
    3.4338    3.9143    4.1890    0.5539    1.4024         0
    3.4398    3.9038    4.1909    0.5923    1.3861         0
    3.4455    3.8916    4.1899    0.6305    1.3678         0
    3.4488    3.8771    4.1856    0.6673    1.3521         0
    3.4481    3.8599    4.1772    0.7020    1.3433         0
    3.4427    3.8404    4.1655    0.7343    1.3459         0
    3.4398    3.8249    4.1610    0.7678    1.3623         0
    3.4373    3.8140    4.1640    0.8006    1.3882         0
    3.4290    3.8055    4.1707    0.8279    1.4180         0
    3.4085    3.7976    4.1770    0.8453    1.4457         0
    3.3801    3.7936    4.1809    0.8441    1.4719         0
    3.3639    3.8005    4.1847    0.8238    1.5058         0
    3.3566    3.8053    4.1882    0.8132    1.5415         0
    3.3525    3.7976    4.1917    0.8326    1.5730         0
    3.3442    3.7829    4.1967    0.8643    1.6005         0
    3.3243    3.7700    4.2052    0.8819    1.6250         0
    3.2973    3.7666    4.2153    0.8701    1.6507         0
    3.2814    3.7721    4.2214    0.8452    1.6831         0
    3.2739    3.7778    4.2249    0.8264    1.7187         0
    3.2703    3.7749    4.2283    0.8320    1.7536         0
    3.2655    3.7619    4.2338    0.8603    1.7852         0
    3.2536    3.7468    4.2437    0.8847    1.8121         0
    3.2305    3.7377    4.2594    0.8801    1.8340         0
    3.2131    3.7345    4.2692    0.8650    1.8650         0
    3.2051    3.7346    4.2722    0.8515    1.9047         0
    3.1994    3.7366    4.2758    0.8366    1.9438         0
    3.1890    3.7394    4.2870    0.8172    1.9727         0
    3.1729    3.7439    4.3053    0.7896    1.9869         0
    3.1694    3.7572    4.3061    0.7512    1.9988         0
    3.1733    3.7741    4.2971    0.7087    2.0089         0
    3.1736    3.7866    4.2935    0.6704    2.0143         0
    3.1598    3.7872    4.3100    0.6443    2.0123         0
    3.1464    3.7916    4.3331    0.6166    2.0165         0
    3.1441    3.8061    4.3430    0.5787    2.0249         0
    3.1464    3.8228    4.3431    0.5371    2.0295         0
    3.1512    3.8400    4.3368    0.4934    2.0312         0
    3.1567    3.8561    4.3278    0.4495    2.0309         0
    3.1607    3.8696    4.3196    0.4072    2.0298         0
    3.1612    3.8789    4.3158    0.3682    2.0286         0
    3.1562    3.8824    4.3200    0.3344    2.0285         0
    3.1438    3.8786    4.3357    0.3074    2.0305         0
    3.1284    3.8721    4.3624    0.2838    2.0349         0
    3.1226    3.8758    4.3813    0.2504    2.0411         0
    3.1186    3.8824    4.3867    0.2115    2.0489         0
    3.1159    3.8904    4.3847    0.1697    2.0573         0
    3.1146    3.8987    4.3813    0.1277    2.0653         0
    3.1146    3.9062    4.3828    0.0881    2.0721         0
    3.1160    3.9116    4.3955    0.0534    2.0765         0
    3.1176    3.9143    4.4213    0.0237    2.0762         0
    3.1148    3.9181    4.4343   -0.0145    2.0609         0
    3.1149    3.9260    4.4339   -0.0539    2.0369         0
    3.1284    3.9405    4.4291   -0.0805    2.0155         0
    3.1559    3.9591    4.4260   -0.0849    1.9977         0
    3.1698    3.9676    4.4198   -0.0810    1.9604         0
    3.1729    3.9707    4.4123   -0.0813    1.9166         0
    3.1717    3.9745    4.4058   -0.0962    1.8822         0
    3.1690    3.9806    4.4019   -0.1265    1.8609         0
    3.1662    3.9879    4.4013   -0.1675    1.8503         0
    3.1643    3.9954    4.4050   -0.2148    1.8474         0
    3.1646    4.0021    4.4137   -0.2637    1.8496         0
    3.1681    4.0068    4.4283   -0.3097    1.8542         0
    3.1761    4.0085    4.4496   -0.3481    1.8584         0
    3.1894    4.0064    4.4781   -0.3746    1.8589         0
    3.1973    4.0055    4.4971   -0.3976    1.8354         0
    3.2008    4.0094    4.4992   -0.4181    1.7915         0
    3.2129    4.0176    4.4902   -0.4273    1.7511         0
    3.2400    4.0302    4.4723   -0.4199    1.7389         0
    3.2524    4.0424    4.4485   -0.4158    1.7333         0
    3.2662    4.0451    4.4491   -0.4187    1.6882         0
    3.2760    4.0466    4.4565   -0.4363    1.6457         0
    3.2799    4.0503    4.4624   -0.4695    1.6258         0
    3.2810    4.0523    4.4724   -0.5096    1.6188         0
    3.2831    4.0485    4.4928   -0.5479    1.6133         0
    3.2916    4.0373    4.5229   -0.5687    1.6125         0
    3.3156    4.0452    4.5066   -0.5553    1.6177         0
    3.3300    4.0584    4.4768   -0.5383    1.6173         0
    3.3374    4.0680    4.4491   -0.5110    1.6070         0
    3.3377    4.0704    4.4288   -0.4688    1.5856         0
    3.3352    4.0684    4.4147   -0.4209    1.5628         0
    3.3342    4.0647    4.4051   -0.3764    1.5481         0
    3.3389    4.0621    4.3986   -0.3449    1.5514         0
    3.3537    4.0635    4.3932   -0.3347    1.5810         0
    3.3737    4.0716    4.3696   -0.3183    1.5806         0
    3.3841    4.0718    4.3565   -0.2856    1.5598         0
    3.3874    4.0678    4.3498   -0.2492    1.5404         0
    3.3893    4.0683    4.3314   -0.2185    1.5304         0
    3.3926    4.0734    4.3033   -0.1923    1.5308         0
    3.3950    4.0720    4.2901   -0.1577    1.5330         0
    3.3961    4.0658    4.2875   -0.1170    1.5359         0
    3.3959    4.0569    4.2893   -0.0733    1.5391         0
    3.3941    4.0474    4.2894   -0.0298    1.5420         0
    3.3905    4.0397    4.2815    0.0101    1.5440         0
    3.3850    4.0358    4.2598    0.0433    1.5449         0
    3.3687    4.0309    4.2446    0.0694    1.5612         0
    3.3536    4.0237    4.2418    0.0981    1.5787         0
    3.3478    4.0166    4.2410    0.1324    1.5840         0
    3.3491    4.0094    4.2411    0.1708    1.5798         0
    3.3553    4.0018    4.2410    0.2121    1.5688         0
    3.3642    3.9936    4.2398    0.2547    1.5537         0
    3.3734    3.9848    4.2363    0.2974    1.5375         0
    3.3807    3.9749    4.2296    0.3386    1.5226         0
    3.3839    3.9639    4.2184    0.3771    1.5121         0
    3.3807    3.9516    4.2018    0.4115    1.5084         0
    3.3743    3.9389    4.1856    0.4439    1.5173         0
    3.3711    3.9284    4.1820    0.4779    1.5420         0
    3.3613    3.9191    4.1868    0.5044    1.5721         0
    3.3348    3.9103    4.1941    0.5135    1.5966         0
    3.3116    3.9101    4.2032    0.4959    1.6233         0
    3.3028    3.9141    4.2113    0.4779    1.6564         0
    3.2999    3.9103    4.2141    0.4909    1.6889         0
    3.2968    3.8992    4.2143    0.5250    1.7190         0
    3.2882    3.8847    4.2163    0.5608    1.7457         0
    3.2685    3.8703    4.2244    0.5789    1.7680         0
    3.2424    3.8613    4.2369    0.5696    1.7914         0
    3.2304    3.8621    4.2443    0.5497    1.8250         0
    3.2204    3.8672    4.2590    0.5235    1.8478         0
    3.2092    3.8745    4.2788    0.4915    1.8520         0
    3.2057    3.8854    4.2885    0.4534    1.8502         0
    3.2074    3.8983    4.2904    0.4118    1.8465         0
    3.2110    3.9112    4.2881    0.3694    1.8445         0
    3.2135    3.9221    4.2852    0.3289    1.8476         0
    3.2117    3.9292    4.2852    0.2929    1.8592         0
    3.2025    3.9306    4.2917    0.2642    1.8825         0
    3.1893    3.9285    4.3082    0.2397    1.9067         0
    3.1798    3.9284    4.3338    0.2114    1.9130         0
    3.1715    3.9315    4.3501    0.1760    1.9134         0
    3.1645    3.9372    4.3555    0.1352    1.9128         0
    3.1599    3.9448    4.3544    0.0918    1.9111         0
    3.1590    3.9538    4.3516    0.0485    1.9085         0
    3.1633    3.9636    4.3517    0.0079    1.9051         0
    3.1740    3.9735    4.3593   -0.0271    1.9008         0
    3.1917    3.9828    4.3781   -0.0542    1.8949         0
    3.2026    3.9898    4.3929   -0.0800    1.8687         0
    3.2067    3.9957    4.3947   -0.1029    1.8262         0
    3.2161    4.0033    4.3852   -0.1143    1.7881         0
    3.2400    4.0144    4.3666   -0.1056    1.7715         0
    3.2536    4.0178    4.3502   -0.0794    1.7479         0
    3.2552    4.0205    4.3409   -0.0744    1.7193         0
    3.2525    4.0263    4.3384   -0.0979    1.6921         0
    3.2510    4.0336    4.3417   -0.1380    1.6663         0
    3.2563    4.0409    4.3498   -0.1825    1.6419         0
    3.2739    4.0465    4.3616   -0.2193    1.6188         0
    3.3053    4.0494    4.3736   -0.2373    1.6042         0
    3.3185    4.0568    4.3542   -0.2314    1.6293         0
    3.3359    4.0629    4.3283   -0.2027    1.6108         0
    3.3480    4.0632    4.3144   -0.1669    1.5954         0
    3.3549    4.0589    4.3090   -0.1269    1.5846         0
    3.3574    4.0517    4.3077   -0.0848    1.5775         0
    3.3558    4.0432    4.3063   -0.0430    1.5737         0
    3.3510    4.0350    4.3005   -0.0036    1.5723         0
    3.3434    4.0289    4.2860    0.0311    1.5727         0
    3.3346    4.0256    4.2610    0.0603    1.5757         0
    3.3312    4.0214    4.2431    0.0939    1.5917         0
    3.3307    4.0148    4.2371    0.1304    1.6192         0
    3.3261    4.0062    4.2395    0.1626    1.6507         0
    3.3103    3.9961    4.2468    0.1830    1.6788         0
    3.2799    3.9858    4.2563    0.1840    1.6982         0
    3.2627    3.9840    4.2735    0.1615    1.7209         0
    3.2495    3.9827    4.3011    0.1357    1.7209         0